0 0 0
0 0 0
 7.26415e-19            0 -7.63278e-18
        0.02 -1.52656e-19    0.0177863
  0.0399968 0.000355708   0.0377863
 0.0599826 0.00111126  0.0577863
 0.0799492 0.00226634  0.0777863
0.0998887 0.0038205 0.0977863
  0.119793 0.00577311   0.117786
  0.139655 0.00812339   0.137786
 0.159465 0.0108704  0.157786
 0.179217 0.0140131  0.177786
 0.198901 0.0175501  0.197786
 0.218511 0.0214801  0.217786
 0.238039 0.0258014  0.237786
 0.257476 0.0305125  0.257786
 0.276815 0.0356113  0.277786
 0.296049 0.0410958  0.297786
 0.315168 0.0469639  0.317786
 0.334167 0.0532132  0.337786
 0.353037 0.0598412  0.357786
  0.37177 0.0668452  0.377786
  0.39036 0.0742225  0.397786
 0.408798 0.0819701  0.417786
 0.427078 0.0900849  0.437786
 0.445192 0.0985636  0.457786
0.463133 0.107403 0.477786
0.480893 0.116599 0.497786
0.498466 0.126149 0.517786
0.515844 0.136048 0.537786
0.533021 0.146293 0.557786
 0.54999 0.156879 0.577786
0.566743 0.167802 0.597786
0.583275 0.179059 0.617786
0.599578 0.190643 0.637786
0.615646 0.202552 0.657786
0.631473 0.214779 0.677786
0.647053  0.22732 0.697786
0.662378 0.240171 0.717786
0.677443 0.253325 0.737786
0.692242 0.266778 0.757786
 0.70677 0.280524 0.777786
0.721019 0.294559 0.797786
0.734985 0.308875 0.817786
0.748662 0.323467 0.837786
0.762044 0.338331 0.846453
0.775297 0.353309 0.849807
0.788499 0.368332 0.851086
0.801682 0.383372 0.851576
0.814858 0.398419  0.85177
0.828031 0.413468 0.851851
0.841203 0.428518 0.851887
0.854375 0.443568 0.851904
0.867546 0.458619 0.851912
0.880717  0.47367 0.851917
0.893887 0.488721  0.85192
0.907058 0.503772 0.851921
0.920229 0.518823 0.851922
  0.9334 0.533873 0.851923
 0.94657 0.548924 0.851923
0.959741 0.563975 0.851923
0.972912 0.579026 0.851923
0.986083 0.594077 0.851923
0.999253 0.609128 0.851924
 1.01242 0.624179 0.851924
 1.02559  0.63923 0.851924
 1.03877 0.654281 0.851924
 1.05194 0.669332 0.851924
 1.06511 0.684383 0.851924
 1.07828 0.699434 0.851924
 1.09145 0.714485 0.851924
 1.10462 0.729536 0.851924
 1.11779 0.744587 0.851924
 1.13096 0.759638 0.851924
 1.14413 0.774689 0.851924
  1.1573  0.78974 0.851924
 1.17047 0.804791 0.851924
 1.18364 0.819842 0.851924
 1.19634  0.83435 0.851924
 1.20119 0.839892 0.851824
 1.20304 0.842007 0.848533
 1.20373  0.84279 0.841774
 1.20395 0.843039 0.832335
 1.20398 0.843066 0.821235
 1.20392 0.842999 0.809365
 1.20381 0.842892 0.797374
 1.20369  0.84277 0.785676
 1.20357 0.842645  0.77451
 1.20344 0.842523 0.763991
 1.20332 0.842408 0.754159
1.20321  0.8423 0.74501
  1.2031   0.8422 0.736516
   1.203 0.842108 0.728638
  1.2029 0.842023 0.721331
 1.20282 0.841945 0.714554
 1.20273 0.841873 0.708263
 1.20266 0.841807 0.702419
 1.20258 0.841746 0.696988
 1.20252  0.84169 0.691937
 1.20245 0.841638 0.687236
 1.20239 0.841589 0.682859
 1.20234 0.841545 0.678781
 1.20229 0.841503  0.67498
  1.2179 0.854001  0.65498
 1.23376 0.866184 0.665325
  1.2495  0.87853 0.685325
 1.26498 0.891189 0.705325
 1.28021 0.904154 0.725325
 1.29518 0.917422 0.745325
 1.30987 0.930986 0.765325
  1.3243 0.944842 0.785325
 1.33844 0.958983 0.805325
  1.3523 0.973404 0.825325
 1.36586 0.988099 0.845325
 1.37913  1.00306 0.865325
  1.3921  1.01829 0.885325
 1.40476  1.03377 0.905325
 1.41711   1.0495 0.925325
 1.42914  1.06548 0.945325
 1.44085  1.08169 0.965325
 1.45223  1.09814 0.985325
1.46329 1.11481 1.00532
  1.474 1.13169 1.02532
1.48438 1.14879 1.04532
1.49441 1.16609 1.06532
 1.5041 1.18359 1.07617
1.51359  1.2012 1.07524
 1.5231 1.21879  1.0751
1.53261 1.23638 1.07509
1.54213 1.25398 1.07509
1.55164 1.27157 1.07509
1.56115 1.28916 1.07509
1.57067 1.30675 1.07509
1.58018 1.32435 1.07509
1.58969 1.34194 1.07509
 1.5992 1.35953 1.07509
1.60872 1.37712 1.07509
1.61823 1.39472 1.07509
1.62774 1.41231 1.07509
1.63726  1.4299 1.07509
1.64677 1.44749 1.07509
1.65628 1.46509 1.07509
 1.6658 1.48268 1.07509
1.67531 1.50027 1.07509
1.68482 1.51786 1.07509
1.69434 1.53546 1.07509
1.70385 1.55305 1.07509
1.71336 1.57064 1.07509
1.72288 1.58824 1.07509
1.73239 1.60583 1.07509
 1.7419 1.62342 1.07509
1.75141 1.64101 1.07509
1.76093 1.65861 1.07509
1.77044  1.6762 1.07509
1.77995 1.69379 1.07509
1.78947 1.71138 1.07509
1.79898 1.72898 1.07509
1.80849 1.74657 1.07509
1.81801 1.76416 1.07509
1.82752 1.78175 1.07509
1.83703 1.79935 1.07509
1.84655 1.81694 1.07509
1.85606 1.83453 1.07509
1.86557 1.85212 1.07509
1.87509 1.86972 1.07509
 1.8846 1.88731 1.07509
1.89411  1.9049 1.07509
1.90362  1.9225 1.07509
1.91314 1.94009 1.07509
1.92265 1.95768 1.07509
1.93216 1.97527 1.07509
1.94168 1.99287 1.07509
1.95119 2.01046 1.07509
 1.9607 2.02805 1.07509
1.97022 2.04564 1.07509
1.97973 2.06324 1.07509
1.98924 2.08083 1.07509
1.99876 2.09842 1.07509
2.00827 2.11601 1.07509
2.01778 2.13361 1.07509
2.02729  2.1512 1.07509
2.03681 2.16879 1.07509
2.04632 2.18638 1.07509
2.05583 2.20398 1.07509
2.06535 2.22157 1.07509
2.07486 2.23916 1.07509
2.08437 2.25676 1.07509
2.08825 2.26392 1.07509
2.08973 2.26665 1.07433
2.09029  2.2677 1.07297
2.09051 2.26809 1.07132
2.09059 2.26824 1.06959
2.09061 2.26829 1.06785
2.09062 2.26831 1.06615
2.09062 2.26831 1.06449
2.09062 2.26831 1.06289
2.09062  2.2683 1.06134
2.09062  2.2683 1.05984
2.09062 2.26829  1.0584
2.09061 2.26829 1.05699
2.09061 2.26828 1.05564
2.09061 2.26828 1.05433
 2.0906 2.26827 1.05307
 2.1005 2.28565 1.03961
2.11063  2.3029 1.05961
2.12042 2.32034 1.07961
2.12985 2.33797 1.09961
2.13893  2.3558 1.11961
2.14765 2.37379 1.13961
2.15601 2.39196 1.15961
  2.164  2.4103 1.17961
2.17163 2.42879 1.19961
2.17888 2.44742 1.21961
2.18576  2.4662 1.23961
2.19227 2.48512 1.25961
2.19839 2.50416 1.27961
2.20413 2.52331 1.29961
2.20949 2.54258 1.31961
2.21446 2.56195 1.33961
2.21904 2.58142 1.34714
2.22348 2.60092  1.3447
2.22796 2.62042 1.34489
2.23244 2.63991 1.34498
2.23692  2.6594 1.34499
 2.2414 2.67889 1.34499
2.24588 2.69838 1.34499
2.25036 2.71788 1.34499
2.25483 2.73737 1.34499
2.25931 2.75686 1.34499
2.26379 2.77635 1.34499
2.26827 2.79585 1.34499
2.27275 2.81534 1.34499
2.27722 2.83483 1.34499
 2.2817 2.85432 1.34499
2.28618 2.87381 1.34499
2.29066 2.89331 1.34499
2.29513  2.9128 1.34499
2.29961 2.93229 1.34499
2.30409 2.95178 1.34499
2.30857 2.97128 1.34499
2.31305 2.99077 1.34499
2.31752 3.01026 1.34499
  2.322 3.02975 1.34499
2.32648 3.04924 1.34499
2.33096 3.06874 1.34499
2.33544 3.08823 1.34499
2.33991 3.10772 1.34499
2.34439 3.12721 1.34499
2.34887 3.14671 1.34499
2.35335  3.1662 1.34499
2.35783 3.18569 1.34499
 2.3623 3.20518 1.34499
2.36678 3.22468 1.34499
2.37126 3.24417 1.34499
2.37574 3.26366 1.34499
2.38022 3.28315 1.34499
2.38469 3.30264 1.34499
2.38917 3.32214 1.34499
2.39365 3.34163 1.34499
2.39813 3.36112 1.34499
2.40261 3.38061 1.34499
2.40708 3.40011 1.34499
2.41156  3.4196 1.34499
2.41604 3.43909 1.34499
2.42052 3.45858 1.34499
2.42499 3.47807 1.34499
2.42947 3.49757 1.34499
2.43395 3.51706 1.34499
2.43843 3.53655 1.34499
2.44291 3.55604 1.34499
2.44738 3.57554 1.34499
2.45186 3.59503 1.34499
2.45634 3.61452 1.34499
2.46082 3.63401 1.34499
 2.4653  3.6535 1.34499
2.46977   3.673 1.34499
2.47425 3.69249 1.34499
2.47873 3.71198 1.34499
2.48321 3.73147 1.34499
2.48769 3.75097 1.34499
2.49216 3.77046 1.34499
2.49664 3.78995 1.34499
2.50112 3.80944 1.34499
 2.5056 3.82894 1.34499
2.51008 3.84843 1.34499
2.51455 3.86792 1.34499
2.51903 3.88741 1.34499
2.52351  3.9069 1.34499
2.52799  3.9264 1.34499
2.53247 3.94589 1.34499
2.53694 3.96538 1.34499
2.54142 3.98487 1.34499
 2.5459 4.00437 1.34499
2.55038 4.02386 1.34499
2.55485 4.04335 1.34499
2.55933 4.06284 1.34499
2.56381 4.08233 1.34499
2.56744 4.09814 1.34499
2.56883 4.10417 1.34491
2.56936 4.10648 1.34446
2.56956 4.10736 1.34379
2.56964 4.10769 1.34303
2.56967 4.10782 1.34226
 2.5742  4.1273 1.34165
2.57874 4.14678 1.36165
2.58289 4.16634 1.38165
2.58665 4.18599 1.40165
2.59002  4.2057 1.39018
2.59361 4.22538 1.39246
2.59716 4.24506  1.3949
2.60066 4.26475 1.39452
2.60417 4.28444 1.39457
2.60768 4.30413 1.39457
2.61118 4.32382 1.39457
2.61469 4.34351 1.39457
2.61819  4.3632 1.39457
 2.6217 4.38289 1.39457
2.62521 4.40258 1.39457
2.62871 4.42227 1.39457
2.63222 4.44196 1.39457
2.63573 4.46165 1.39457
2.63923 4.48134 1.39457
2.64274 4.50103 1.39457
2.64624 4.52072 1.39457
2.64975 4.54041 1.39457
2.65326  4.5601 1.39457
2.65676 4.57979 1.39457
2.66027 4.59948 1.39457
2.66378 4.61917 1.39457
2.66728 4.63886 1.39457
2.67079 4.65855 1.39457
 2.6743 4.67824 1.39457
 2.6778 4.69793 1.39457
2.68131 4.71763 1.39457
2.68481 4.73732 1.39457
2.68832 4.75701 1.39457
2.69183  4.7767 1.39457
2.69533 4.79639 1.39457
2.69884 4.81608 1.39457
2.70235 4.83577 1.39457
2.70585 4.85546 1.39457
2.70936 4.87515 1.39457
2.71287 4.89484 1.39457
2.71637 4.91453 1.39457
2.71988 4.93422 1.39457
2.72338 4.95391 1.39457
2.72689  4.9736 1.39457
 2.7304 4.99329 1.39457
 2.7339 5.01298 1.39457
2.73741 5.03267 1.39457
2.74092 5.05236 1.39457
2.74442 5.07205 1.39457
2.74793 5.09174 1.39457
2.75144 5.11143 1.39457
2.75494 5.13112 1.39457
2.75845 5.15081 1.39457
2.76195  5.1705 1.39457
2.76546 5.19019 1.39457
2.76897 5.20988 1.39457
2.77247 5.22957 1.39457
2.77598 5.24926 1.39457
2.77949 5.26895 1.39457
2.78299 5.28864 1.39457
 2.7865 5.30833 1.39457
   2.79 5.32802 1.39457
2.79351 5.34771 1.39457
2.79702  5.3674 1.39457
2.80052 5.38709 1.39457
2.80403 5.40678 1.39457
2.80754 5.42647 1.39457
2.81104 5.44616 1.39457
2.81455 5.46585 1.39457
2.81806 5.48554 1.39457
2.82156 5.50523 1.39457
2.82507 5.52493 1.39457
2.82857 5.54462 1.39457
2.83208 5.56431 1.39457
2.83559   5.584 1.39457
2.83909 5.60369 1.39457
 2.8426 5.62338 1.39457
2.84611 5.64307 1.39457
2.84961 5.66276 1.39457
2.85312 5.68245 1.39457
2.85663 5.70214 1.39457
2.86013 5.72183 1.39457
2.86364 5.74152 1.39457
2.86714 5.76121 1.39457
2.87065  5.7809 1.39457
2.87416 5.80059 1.39457
2.87766 5.82028 1.39457
2.88117 5.83997 1.39457
2.88468 5.85966 1.39457
2.88818 5.87935 1.39457
2.89169 5.89904 1.39457
 2.8952 5.91873 1.39457
 2.8987 5.93842 1.39457
2.90221 5.95811 1.39457
2.90551 5.97667 1.39457
2.90677 5.98376 1.39457
2.90745 5.98815 1.39305
2.90726 5.98646 1.39455
2.91076 6.00615 1.37455
2.91466 6.02577 1.35619
2.91892 6.04531 1.33619
2.92357 6.06476 1.31744
2.92859 6.08412 1.29744
2.93398 6.10338  1.2798
2.93972 6.12254  1.2598
2.94584 6.14158 1.24323
2.95228 6.16052 1.22323
2.95909 6.17932 1.20772
2.96619 6.19802 1.18772
2.97367 6.21657 1.17322
2.98141 6.23501 1.15322
2.98952 6.25329 1.13971
2.99788 6.27146 1.11971
 3.0066 6.28946 1.10715
3.01554 6.30735 1.08715
3.02484 6.32505 1.07553
3.03435 6.34265 1.05553
 3.0442 6.36005 1.04482
3.05425 6.37735 1.02482
3.06463 6.39444 1.01499
 3.07518  6.41143 0.994985
 3.08607  6.42821 0.986005
 3.09711  6.44488 0.966005
 3.10849  6.46134 0.957854
 3.11999   6.4777 0.937854
 3.13182  6.49382 0.930509
 3.14377  6.50986 0.910509
 3.15604  6.52566 0.903947
 3.16841  6.54137 0.883947
 3.18109  6.55684 0.878146
 3.19386  6.57223 0.858146
 3.20694  6.58736 0.853084
 3.22009  6.60243 0.833084
 3.23354  6.61723 0.828739
 3.24706  6.63197 0.808739
 3.26087  6.64644 0.805092
 3.27473  6.66086 0.785092
 3.28887  6.67499 0.782121
 3.30306  6.68909 0.762121
 3.31753   6.7029 0.759809
 3.33203  6.71667 0.739809
  3.3468  6.73016 0.738135
  3.3616  6.74361 0.718135
 3.37666  6.75677 0.717082
 3.39173  6.76992 0.697082
 3.40707  6.78276 0.696632
 3.42241  6.79559 0.676632
   3.438  6.80811 0.676767
 3.45359  6.82064 0.656767
 3.46943  6.83285 0.657471
 3.48526  6.84507 0.637471
 3.50133  6.85698 0.638728
 3.51739   6.8689 0.618728
 3.53368   6.8805 0.620521
 3.54995  6.89213 0.600521
 3.56646  6.90343 0.602836
 3.58293  6.91477 0.582836
 3.59963  6.92578 0.585657
  3.6163  6.93683 0.565657
3.63318 6.94755 0.56897
 3.65003  6.95833 0.573381
 3.66683  6.96918 0.571186
3.68366 6.97999 0.57239
 3.70047  6.99082 0.571877
 3.71729  7.00165 0.572142
  3.7341  7.01248 0.572022
 3.75092   7.0233 0.572079
 3.76773  7.03413 0.572054
 3.78455  7.04496 0.572065
3.80136 7.05578 0.57206
 3.81818  7.06661 0.572062
   3.835  7.07744 0.572061
 3.85181  7.08827 0.572061
 3.86863  7.09909 0.572061
 3.88544  7.10992 0.572061
 3.90226  7.12075 0.572061
 3.91907  7.13158 0.572061
 3.93589   7.1424 0.572061
 3.95271  7.15323 0.572061
 3.96952  7.16406 0.572061
 3.98634  7.17488 0.572061
 4.00315  7.18571 0.572061
 4.01997  7.19654 0.572061
 4.03678  7.20737 0.572061
  4.0536  7.21819 0.572061
 4.07042  7.22902 0.572061
 4.08723  7.23985 0.572061
 4.10405  7.25068 0.572061
 4.12086   7.2615 0.572061
 4.13768  7.27233 0.572061
 4.15449  7.28316 0.572061
 4.17131  7.29399 0.572061
 4.18813  7.30481 0.572061
 4.20494  7.31564 0.572061
 4.22176  7.32647 0.572061
 4.23857  7.33729 0.572061
 4.25539  7.34812 0.572061
  4.2722  7.35895 0.572061
 4.28902  7.36978 0.572061
 4.30584   7.3806 0.572061
 4.32265  7.39143 0.572061
 4.33947  7.40226 0.576241
 4.35624  7.41316 0.574545
 4.37303  7.42403 0.575287
 4.38981  7.43491 0.575087
 4.40659  7.44579 0.575156
 4.42337  7.45666 0.575135
 4.44015  7.46754 0.575141
 4.45694  7.47842 0.575139
4.47372  7.4893 0.57514
 4.4905 7.50018 0.57514
4.50728 7.51106 0.57514
4.52407 7.52194 0.57514
4.54085 7.53282 0.57514
4.55763  7.5437 0.57514
4.57441 7.55458 0.57514
 4.5912 7.56545 0.57514
4.60798 7.57633 0.57514
4.62476 7.58721 0.57514
4.64154 7.59809 0.57514
4.65832 7.60897 0.57514
4.67511 7.61985 0.57514
4.69189 7.63073 0.57514
4.70867 7.64161 0.57514
4.72545 7.65249 0.57514
4.74224 7.66337 0.57514
4.75902 7.67425 0.57514
 4.7758 7.68512 0.57514
4.79258   7.696 0.57514
4.80937 7.70688 0.57514
4.82615 7.71776 0.57514
4.84293 7.72864 0.57514
4.85971 7.73952 0.57514
 4.8765  7.7504 0.57514
4.89328 7.76128 0.57514
4.91006 7.77216 0.57514
4.92684 7.78304 0.57514
4.94362 7.79391 0.57514
4.96041 7.80479 0.57514
4.97719 7.81567 0.57514
4.99397 7.82655 0.57514
5.01075 7.83743 0.57514
5.02754 7.84831 0.57514
5.04432 7.85919 0.57514
 5.0611 7.87007 0.57514
5.07788 7.88095 0.57514
5.09467 7.89183 0.57514
5.11145  7.9027 0.57514
5.12823 7.91358 0.57514
5.14501 7.92446 0.57514
5.16179 7.93534 0.57514
5.17858 7.94622 0.57514
5.19536  7.9571 0.57514
5.21214 7.96798 0.57514
5.22892 7.97886 0.57514
5.24571 7.98974 0.57514
5.26249 8.00062 0.57514
5.27927  8.0115 0.57514
5.29605 8.02237 0.57514
5.31284 8.03325 0.57514
5.32962 8.04413 0.57514
 5.3464 8.05501 0.57514
5.36318 8.06589 0.57514
5.37997 8.07677 0.57514
5.39675 8.08765 0.57514
5.41353 8.09853 0.57514
5.43031 8.10941 0.57514
5.44709 8.12029 0.57514
5.46388 8.13116 0.57514
5.48066 8.14204 0.57514
5.49744 8.15292 0.57514
5.51422  8.1638 0.57514
5.53101 8.17468 0.57514
5.54779 8.18556 0.57514
5.56457 8.19644 0.57514
5.58135 8.20732 0.57514
5.59814  8.2182 0.57514
5.61492 8.22908 0.57514
 5.6317 8.23996 0.57514
5.64848 8.25083 0.57514
5.66526 8.26171 0.57514
5.68205 8.27259 0.57514
5.69883 8.28347 0.57514
5.71561 8.29435 0.57514
5.73239 8.30523 0.57514
5.74918 8.31611 0.57514
5.76596 8.32699 0.57514
5.78274 8.33787 0.57514
5.79952 8.34875 0.57514
5.81631 8.35962 0.57514
5.83309  8.3705 0.57514
5.84987 8.38138 0.57514
5.86665 8.39226 0.57514
5.88343 8.40314 0.57514
5.90022 8.41402 0.57514
  5.917  8.4249 0.57514
5.93378 8.43578 0.57514
5.95056 8.44666 0.57514
5.96735 8.45754 0.57514
5.98413 8.46841 0.57514
6.00091 8.47929 0.57514
6.01769 8.49017 0.59514
6.03425 8.50139 0.61514
 6.05059  8.51293 0.607008
 6.06702  8.52434 0.609275
 6.08342  8.53578 0.610342
 6.09981  8.54724 0.610168
  6.1162   8.5587 0.610187
 6.13259  8.57016 0.610186
 6.14898  8.58162 0.610186
 6.16537  8.59308 0.610186
 6.18176  8.60455 0.610186
 6.19815  8.61601 0.610186
 6.21454  8.62747 0.610186
 6.23093  8.63893 0.610186
 6.24732  8.65039 0.610186
 6.26371  8.66185 0.610186
 6.28011  8.67331 0.610186
  6.2965  8.68477 0.610186
 6.31289  8.69623 0.610186
 6.32928  8.70769 0.610186
 6.34567  8.71915 0.610186
 6.36206  8.73061 0.610186
 6.37845  8.74207 0.610186
 6.39484  8.75353 0.610186
 6.41123  8.76499 0.610186
 6.42762  8.77645 0.610186
 6.44401  8.78791 0.610186
  6.4604  8.79937 0.610186
  6.4768  8.81083 0.610186
 6.49319  8.82229 0.610186
 6.50958  8.83375 0.610186
 6.52597  8.84521 0.610186
 6.54236  8.85667 0.610186
 6.55875  8.86813 0.610186
 6.57514  8.87959 0.610186
 6.59153  8.89106 0.610186
 6.60792  8.90252 0.610186
 6.62431  8.91398 0.610186
  6.6407  8.92544 0.610186
 6.65709   8.9369 0.610186
 6.67349  8.94836 0.610186
 6.68988  8.95982 0.610186
 6.70627  8.97128 0.610186
 6.72266  8.98274 0.610186
 6.73905   8.9942 0.610186
 6.75544  9.00566 0.610186
 6.77183  9.01712 0.610186
 6.78822  9.02858 0.610186
 6.80461  9.04004 0.610186
   6.821   9.0515 0.610186
 6.83739  9.06296 0.610186
 6.85378  9.07442 0.610186
 6.87018  9.08588 0.610186
 6.88657  9.09734 0.610186
 6.90296   9.1088 0.610186
 6.91935  9.12026 0.610186
 6.93574  9.13172 0.610186
 6.95213  9.14318 0.610186
 6.96852  9.15464 0.610186
 6.98491   9.1661 0.610186
  7.0013  9.17757 0.610186
 7.01769  9.18903 0.610186
 7.03408  9.20049 0.610186
 7.05047  9.21195 0.610186
 7.06687  9.22341 0.610186
 7.08326  9.23487 0.610186
 7.09965  9.24633 0.610186
 7.11604  9.25779 0.610186
 7.13243  9.26925 0.610186
 7.14882  9.28071 0.610186
 7.16521  9.29217 0.610186
  7.1816  9.30363 0.610186
 7.19799  9.31509 0.610186
 7.21438  9.32655 0.610186
 7.23077  9.33801 0.610186
 7.24716  9.34947 0.610186
 7.26356  9.36093 0.610186
 7.27995  9.37239 0.610186
 7.29634  9.38385 0.610186
 7.31273  9.39531 0.610186
 7.32912  9.40677 0.610186
 7.34551  9.41823 0.610186
  7.3619  9.42969 0.610186
 7.37829  9.44115 0.610186
 7.39468  9.45261 0.610186
 7.41107  9.46407 0.610186
 7.42746  9.47554 0.610186
 7.44385    9.487 0.610186
 7.46025  9.49846 0.610186
 7.47664  9.50992 0.610186
 7.49303  9.52138 0.610186
 7.50942  9.53284 0.610186
 7.52581   9.5443 0.610186
  7.5422  9.55576 0.610186
 7.55065  9.56167 0.610186
 7.55388  9.56393 0.610181
 7.55586  9.56535 0.609686
 7.55512  9.56479 0.610171
 7.57151  9.57625 0.612051
 7.58788  9.58774 0.626592
 7.60408  9.59947 0.633612
  7.6202  9.61131 0.613612
 7.63655  9.62283 0.605305
   7.653  9.63421 0.585305
 7.66967  9.64526 0.577808
 7.68642  9.65618 0.557808
 7.70339  9.66677 0.551099
 7.72043  9.67724 0.531099
 7.73767  9.68737 0.525155
 7.75498   9.6974 0.505155
 7.77248  9.70707 0.499953
 7.79003  9.71666 0.479953
 7.80777   9.7259 0.475473
 7.82555  9.73505 0.455473
 7.84351  9.74385 0.451694
 7.86151  9.75258 0.431694
 7.87967  9.76095 0.428596
 7.89786  9.76926 0.408596
 7.91622  9.77721 0.406159
 7.93459  9.78511 0.386159
 7.95312  9.79264 0.384365
 7.97166  9.80014 0.364365
 7.99035  9.80727 0.363195
 8.00904  9.81437 0.343195
 8.02787   9.8211 0.342631
 8.04671  9.82782 0.322631
 8.06568  9.83416 0.322656
 8.08465   9.8405 0.302656
 8.10374  9.84647 0.303252
 8.12283  9.85244 0.283252
 8.14203  9.85803 0.284405
 8.16123  9.86364 0.286795
 8.18041   9.8693 0.286284
  8.1996  9.87495 0.286442
8.21878  9.8806 0.28641
 8.23797  9.88625 0.286418
 8.25715   9.8919 0.286416
 8.27634  9.89755 0.286416
 8.29552   9.9032 0.286416
 8.31471  9.90885 0.286416
 8.33389   9.9145 0.286416
 8.35308  9.92015 0.286416
 8.37226   9.9258 0.286416
 8.39145  9.93145 0.286416
 8.41063   9.9371 0.286416
 8.42982  9.94275 0.286416
   8.449   9.9484 0.286416
 8.46819  9.95405 0.286416
 8.48737   9.9597 0.286416
 8.50656  9.96535 0.286416
 8.52574    9.971 0.286416
 8.54493  9.97665 0.286416
 8.56411   9.9823 0.286416
  8.5833  9.98795 0.286416
 8.60249   9.9936 0.286416
 8.62167  9.99925 0.286416
 8.64086  10.0049 0.286416
 8.66004  10.0106 0.286416
 8.67923  10.0162 0.286416
 8.69841  10.0219 0.286416
  8.7176  10.0275 0.286416
 8.73678  10.0332 0.286416
 8.75597  10.0388 0.286416
 8.77515  10.0445 0.286416
 8.79434  10.0501 0.286416
 8.81352  10.0558 0.286416
 8.83271  10.0614 0.286416
 8.85189  10.0671 0.286416
 8.87108  10.0727 0.286416
 8.89026  10.0784 0.286416
 8.90945   10.084 0.286416
 8.92863  10.0897 0.286416
 8.94782  10.0953 0.286416
   8.967   10.101 0.286416
 8.98619  10.1066 0.286416
 9.00538  10.1123 0.286416
 9.02456  10.1179 0.286416
 9.04375  10.1236 0.286416
 9.06293  10.1292 0.286416
 9.08212  10.1349 0.286416
  9.1013  10.1405 0.286416
 9.12049  10.1462 0.286416
 9.13967  10.1518 0.286416
 9.15886  10.1575 0.286416
 9.17804  10.1631 0.286416
 9.19723  10.1688 0.286416
 9.21641  10.1744 0.286416
  9.2356  10.1801 0.286416
 9.25478  10.1857 0.286416
 9.27397  10.1914 0.286416
 9.29315   10.197 0.286416
 9.31234  10.2027 0.286416
 9.33152  10.2083 0.286416
 9.35071   10.214 0.286416
  9.3699  10.2196 0.286416
 9.38908  10.2253 0.286416
 9.40827  10.2309 0.286416
 9.42745  10.2366 0.286416
 9.44664  10.2422 0.286416
 9.46582  10.2479 0.286416
 9.48501  10.2535 0.286416
 9.50419  10.2592 0.266416
 9.52349  10.2644 0.246416
 9.54288  10.2693 0.226416
 9.56237  10.2738 0.206834
 9.58195  10.2779 0.186834
  9.6016  10.2816 0.168385
 9.62131   10.285 0.148385
 9.64109  10.2879 0.131038
 9.66092  10.2905 0.111038
   9.6808   10.2928 0.0947595
  9.70071   10.2947 0.0747595
  9.72065   10.2961 0.0595201
  9.74062   10.2973 0.0395201
   9.7606   10.2981 0.0252897
    9.7806    10.2986 0.00528966
     9.8006     10.2987 -0.00796056
    9.8206    10.2986 -0.0279606
   9.84059     10.298 -0.0402587
   9.86057    10.2972 -0.0602587
  9.88054    10.296 -0.071632
  9.90048   10.2946 -0.091632
   9.9204   10.2928 -0.102107
   9.9403   10.2907 -0.122107
  9.96015   10.2883 -0.131709
  9.97997   10.2856 -0.151709
  9.99974   10.2826 -0.160464
  10.0195   10.2794 -0.180464
  10.0383    10.276 -0.188395
  10.0468   10.2744 -0.208395
  10.0535    10.273 -0.188395
  10.0526   10.2731 -0.208395
  10.0557   10.2725 -0.188395
  10.0534   10.2729 -0.208395
   10.056   10.2724 -0.188395
  10.0536   10.2728 -0.208395
   10.056   10.2723 -0.188395
  10.0536   10.2728 -0.208395
   10.056   10.2723 -0.188395
  10.0536   10.2727 -0.208395
   10.056   10.2722 -0.188395
  10.0536   10.2727 -0.208395
   10.056   10.2722 -0.188395
  10.0535   10.2726 -0.208395
   10.056   10.2721 -0.188395
  10.0535   10.2726 -0.208395
   10.056   10.2721 -0.188395
  10.0535   10.2725 -0.208395
   10.056    10.272 -0.188395
  10.0535   10.2725 -0.208395
  10.0559    10.272 -0.188395
  10.0535   10.2724 -0.208395
  10.0559   10.2719 -0.188395
  10.0535   10.2724 -0.208395
  10.0559   10.2719 -0.188395
  10.0535   10.2723 -0.208395
  10.0559   10.2718 -0.188395
  10.0535   10.2723 -0.208395
  10.0559   10.2718 -0.188395
  10.0535   10.2722 -0.208395
  10.0559   10.2717 -0.188395
  10.0535   10.2722 -0.208395
  10.0559   10.2717 -0.188395
  10.0534   10.2721 -0.208395
  10.0559   10.2716 -0.188395
  10.0534   10.2721 -0.208395
  10.0559   10.2716 -0.188395
  10.0534   10.2721 -0.208395
  10.0559   10.2715 -0.188395
  10.0534    10.272 -0.208395
  10.0558   10.2715 -0.188395
  10.0534    10.272 -0.208395
  10.0558   10.2714 -0.188395
  10.0534   10.2719 -0.208395
  10.0558   10.2714 -0.188395
  10.0534   10.2719 -0.208395
  10.0558   10.2713 -0.188395
  10.0534   10.2718 -0.208395
  10.0558   10.2713 -0.188395
  10.0534   10.2718 -0.208395
  10.0558   10.2712 -0.188395
  10.0534   10.2717 -0.208395
  10.0558   10.2712 -0.188395
  10.0534   10.2717 -0.208395
  10.0558   10.2712 -0.188395
  10.0533   10.2716 -0.208395
  10.0558   10.2711 -0.188395
  10.0533   10.2716 -0.208395
  10.0558   10.2711 -0.188395
  10.0533   10.2715 -0.208395
  10.0557    10.271 -0.188395
  10.0533   10.2715 -0.208395
  10.0557    10.271 -0.188395
  10.0533   10.2714 -0.208395
  10.0557   10.2709 -0.188395
  10.0533   10.2714 -0.208395
  10.0557   10.2709 -0.188395
  10.0533   10.2713 -0.208395
  10.0557   10.2708 -0.188395
  10.0533   10.2713 -0.208395
