0 -1e-06 -1e-06 -1e-06 1e-06 1e-06 1e-06
0.01 -6.88925e-07 -9.5731e-06 9.29279e-06 9.2217e-05 -0.00255613 0.00306995
0.02 1.49969e-06 -6.82274e-05 8.00165e-05 0.000380013 -0.00994505 0.0120244
0.03 7.6356e-06 -0.000223192 0.000268156 0.000885063 -0.0217496 0.0264917
0.04 1.99917e-05 -0.000516585 0.000627008 0.00162732 -0.0375639 0.0461067
0.05 4.10368e-05 -0.000986516 0.00120626 0.002626 -0.0569921 0.0705125
0.06 7.34282e-05 -0.00166719 0.00205206 0.00389961 -0.0796483 0.0993595
0.07 0.000120005 -0.00258899 0.00320711 0.00546593 -0.105157 0.132306
0.08 0.000183779 -0.00377862 0.00471074 0.00734201 -0.133153 0.169019
0.09 0.000267932 -0.00525915 0.00659895 0.00954418 -0.16328 0.209171
0.1 0.000375802 -0.00705018 0.00890456 0.012088 -0.195194 0.252445
0.11 0.000510881 -0.00916787 0.0116572 0.0149885 -0.22856 0.29853
0.12 0.000676807 -0.0116251 0.0148835 0.0182596 -0.263051 0.347124
0.13 0.000877355 -0.0144316 0.0186071 0.0219149 -0.298355 0.397931
0.14 0.00111643 -0.0175939 0.0228486 0.0259671 -0.334165 0.450665
0.15 0.00139806 -0.0211156 0.0276259 0.0304281 -0.370187 0.505046
0.16 0.00172639 -0.0249974 0.0329541 0.0353093 -0.406137 0.560803
0.17 0.00210568 -0.0292372 0.0388456 0.040621 -0.441741 0.617672
0.18 0.00254028 -0.0338302 0.0453104 0.0463732 -0.476734 0.675396
0.19 0.00303464 -0.038769 0.0523556 0.052575 -0.510862 0.733729
0.2 0.00359331 -0.0440437 0.0599862 0.0592346 -0.543881 0.792428
0.21 0.00422089 -0.0496421 0.0682046 0.0663597 -0.575558 0.851263
0.22 0.00492208 -0.0555497 0.0770111 0.0739573 -0.605668 0.910007
0.23 0.00570163 -0.0617496 0.0864037 0.0820335 -0.633999 0.968445
0.24 0.00656436 -0.068223 0.0963783 0.0905938 -0.660346 1.02637
0.25 0.00751514 -0.0749492 0.106929 0.099643 -0.684516 1.08357
0.26 0.00855886 -0.0819055 0.118047 0.109185 -0.706327 1.13986
0.27 0.00970049 -0.0890673 0.129722 0.119223 -0.725604 1.19506
0.28 0.010945 -0.0964086 0.141944 0.12976 -0.742186 1.24898
0.29 0.0122974 -0.103902 0.154697 0.140797 -0.755919 1.30145
0.3 0.0137626 -0.111517 0.167967 0.152336 -0.766661 1.35231
0.31 0.0153457 -0.119224 0.181737 0.164377 -0.774278 1.40142
0.32 0.0170518 -0.126992 0.195989 0.17692 -0.77865 1.44861
0.33 0.0188858 -0.134786 0.210703 0.189963 -0.779662 1.49375
0.34 0.0208527 -0.142573 0.225857 0.203505 -0.777214 1.53672
0.35 0.0229576 -0.150319 0.241429 0.217544 -0.771213 1.57737
0.36 0.0252053 -0.157986 0.257396 0.232076 -0.761577 1.61561
0.37 0.0276007 -0.165538 0.273733 0.247097 -0.748234 1.65132
0.38 0.0301488 -0.172938 0.290414 0.262602 -0.731123 1.6844
0.39 0.0328544 -0.180147 0.307412 0.278587 -0.710192 1.71477
0.4 0.0357221 -0.187129 0.3247 0.295044 -0.6854 1.74232
0.41 0.0387568 -0.193843 0.342249 0.311968 -0.656715 1.767
0.42 0.041963 -0.20025 0.36003 0.32935 -0.624116 1.78872
0.43 0.0453453 -0.206312 0.378013 0.347182 -0.587593 1.80743
0.44 0.0489081 -0.211989 0.396168 0.365456 -0.547144 1.82307
0.45 0.0526559 -0.217242 0.414464 0.384161 -0.502778 1.8356
0.46 0.0565928 -0.222031 0.43287 0.403287 -0.454515 1.84498
0.47 0.060723 -0.226319 0.451353 0.422823 -0.402384 1.85118
0.48 0.0650506 -0.230066 0.469883 0.442757 -0.346426 1.85418
0.49 0.0695794 -0.233235 0.488426 0.463076 -0.286688 1.85396
0.5 0.0743133 -0.235788 0.506951 0.483767 -0.223232 1.85052
0.51 0.0792559 -0.237687 0.525426 0.504816 -0.156128 1.84385
0.52 0.0844108 -0.238898 0.543818 0.526207 -0.085455 1.83397
0.53 0.0897812 -0.239385 0.562095 0.547926 -0.0113037 1.82089
0.54 0.0953703 -0.239113 0.580225 0.569957 0.0662255 1.80464
0.55 0.101181 -0.238049 0.598177 0.592281 0.147022 1.78525
0.56 0.107217 -0.236162 0.61592 0.614882 0.230966 1.76275
0.57 0.11348 -0.23342 0.633422 0.63774 0.317925 1.7372
0.58 0.119972 -0.229794 0.650654 0.660838 0.40776 1.70866
0.59 0.126697 -0.225256 0.667585 0.684154 0.50032 1.67717
0.6 0.133656 -0.219779 0.684188 0.707669 0.595442 1.64283
0.61 0.140851 -0.213339 0.700433 0.731361 0.692957 1.60569
0.62 0.148284 -0.205913 0.716293 0.755207 0.792682 1.56586
0.63 0.155956 -0.197479 0.731741 0.779186 0.894426 1.52343
0.64 0.163868 -0.188018 0.746753 0.803274 0.997987 1.47849
0.65 0.172022 -0.177514 0.761303 0.827445 1.10315 1.43116
0.66 0.180417 -0.16595 0.775368 0.851677 1.20971 1.38156
0.67 0.189055 -0.153316 0.788927 0.875941 1.31741 1.3298
0.68 0.197936 -0.139599 0.801958 0.900214 1.42602 1.27603
0.69 0.207059 -0.124793 0.814441 0.924466 1.53529 1.22039
0.7 0.216425 -0.108892 0.82636 0.948671 1.64496 1.16302
0.71 0.226033 -0.0918934 0.837696 0.972799 1.75475 1.10408
0.72 0.235881 -0.0737975 0.848437 0.996822 1.86437 1.04374
0.73 0.245969 -0.0546074 0.858567 1.02071 1.97355 0.982161
0.74 0.256294 -0.034329 0.868076 1.04443 2.08197 0.919532
0.75 0.266857 -0.0129715 0.876955 1.06795 2.18932 0.856039
0.76 0.277653 0.00945276 0.885195 1.09125 2.29528 0.791877
0.77 0.288681 0.0329283 0.892791 1.11428 2.39951 0.727249
0.78 0.299937 0.0574362 0.899739 1.13701 2.50168 0.662367
0.79 0.31142 0.0829539 0.906038 1.15941 2.60142 0.597449
0.8 0.323124 0.109455 0.911689 1.18145 2.69838 0.532722
0.81 0.335047 0.136911 0.916694 1.20308 2.79218 0.468421
0.82 0.347185 0.165287 0.921059 1.22428 2.88244 0.404788
0.83 0.359531 0.194547 0.924793 1.245 2.96876 0.342073
0.84 0.372083 0.224648 0.927905 1.26521 3.05073 0.280534
0.85 0.384834 0.255545 0.930408 1.28486 3.12796 0.220436
0.86 0.397778 0.28719 0.932319 1.30392 3.2 0.162053
0.87 0.41091 0.319527 0.933656 1.32235 3.26642 0.105667
0.88 0.424223 0.352498 0.93444 1.34011 3.32679 0.0515655
0.89 0.43771 0.386041 0.934696 1.35715 3.38065 4.63131e-05
0.9 0.451363 0.420088 0.934451 1.37344 3.42752 -0.0485863
0.91 0.465176 0.454566 0.933735 1.38892 3.46694 -0.09402
0.92 0.479139 0.4894 0.932582 1.40357 3.49842 -0.135935
0.93 0.493244 0.524507 0.931029 1.41732 3.52147 -0.174002
0.94 0.507482 0.5598 0.929116 1.43014 3.53558 -0.207887
0.95 0.521844 0.595187 0.926886 1.44198 3.54023 -0.237245
0.96 0.536319 0.630571 0.924387 1.45279 3.5349 -0.261726
0.97 0.550896 0.66585 0.921669 1.46253 3.51905 -0.28097
0.98 0.565565 0.700915 0.918786 1.47115 3.49214 -0.294611
0.99 0.580315 0.735654 0.915797 1.4786 3.45362 -0.302274
1 0.595134 0.769948 0.912763 1.48483 3.4029 -0.303577
1.01 0.610011 0.803692 0.909737 1.49039 3.34591 -0.301563
1.02 0.624942 0.836866 0.906732 1.49589 3.28893 -0.299536
1.03 0.639928 0.86947 0.903747 1.50132 3.23198 -0.297496
1.04 0.654968 0.901506 0.900782 1.50667 3.17507 -0.295444
1.05 0.670061 0.932972 0.897838 1.51195 3.1182 -0.293379
1.06 0.685207 0.96387 0.894915 1.51715 3.06139 -0.291302
1.07 0.700404 0.9942 0.892012 1.52227 3.00465 -0.289212
1.08 0.715652 1.02396 0.88913 1.5273 2.94799 -0.287109
1.09 0.73095 1.05316 0.88627 1.53224 2.89143 -0.284994
1.1 0.746296 1.08179 0.883431 1.53709 2.83497 -0.282867
1.11 0.761691 1.10986 0.880613 1.54185 2.77862 -0.280727
1.12 0.777133 1.13737 0.877816 1.54652 2.72241 -0.278575
1.13 0.792621 1.16431 0.875041 1.55108 2.66633 -0.276411
1.14 0.808155 1.19069 0.872288 1.55554 2.6104 -0.274235
1.15 0.823732 1.21652 0.869556 1.5599 2.55464 -0.272047
1.16 0.839352 1.24179 0.866847 1.56415 2.49906 -0.269847
1.17 0.855014 1.2665 0.86416 1.56828 2.44366 -0.267635
1.18 0.870717 1.29066 0.861494 1.5723 2.38847 -0.265411
1.19 0.88646 1.31427 0.858851 1.57621 2.33349 -0.263176
1.2 0.902241 1.33733 0.856231 1.57999 2.27875 -0.260929
1.21 0.918059 1.35984 0.853633 1.58365 2.22424 -0.25867
1.22 0.933914 1.38182 0.851057 1.58718 2.16998 -0.2564
1.23 0.949802 1.40325 0.848505 1.59058 2.116 -0.254119
1.24 0.965725 1.42414 0.845975 1.59384 2.0623 -0.251826
1.25 0.981679 1.44449 0.843468 1.59697 2.00889 -0.249522
1.26 0.997664 1.46432 0.840985 1.59996 1.95579 -0.247208
1.27 1.01368 1.48361 0.838524 1.6028 1.90302 -0.244882
1.28 1.02972 1.50238 0.836087 1.6055 1.85058 -0.242545
1.29 1.04579 1.52062 0.833673 1.60804 1.7985 -0.240197
1.3 1.06188 1.53835 0.831283 1.61043 1.74678 -0.237839
1.31 1.07799 1.55556 0.828917 1.61266 1.69544 -0.235469
1.32 1.09413 1.57226 0.826574 1.61473 1.6445 -0.23309
1.33 1.11029 1.58845 0.824255 1.61664 1.59397 -0.2307
1.34 1.12646 1.60414 0.82196 1.61837 1.54387 -0.2283
1.35 1.14266 1.61933 0.819689 1.61994 1.49421 -0.225889
1.36 1.15886 1.63402 0.817442 1.62133 1.445 -0.223469
1.37 1.17508 1.64823 0.81522 1.62253 1.39627 -0.221038
1.38 1.19131 1.66195 0.813021 1.62356 1.34802 -0.218598
1.39 1.20755 1.67519 0.810848 1.62439 1.30028 -0.216148
1.4 1.2238 1.68796 0.808698 1.62504 1.25306 -0.213688
1.41 1.24005 1.70026 0.806574 1.62549 1.20637 -0.211219
1.42 1.25631 1.71209 0.804474 1.62574 1.16024 -0.20874
1.43 1.27257 1.72346 0.802399 1.62579 1.11467 -0.206252
1.44 1.28882 1.73438 0.800349 1.62564 1.06969 -0.203755
1.45 1.30508 1.74486 0.798324 1.62527 1.02531 -0.201249
1.46 1.32133 1.75489 0.796324 1.62469 0.981548 -0.198734
1.47 1.33757 1.76449 0.794349 1.62389 0.938421 -0.19621
1.48 1.35381 1.77366 0.7924 1.62286 0.895947 -0.193678
1.49 1.37003 1.78241 0.790476 1.62161 0.854141 -0.191137
1.5 1.38624 1.79075 0.788577 1.62013 0.813023 -0.188588
1.51 1.40243 1.79868 0.786704 1.61842 0.772609 -0.186031
1.52 1.4186 1.8062 0.784857 1.61646 0.732917 -0.183465
1.53 1.43476 1.81334 0.783035 1.61426 0.693965 -0.180892
1.54 1.45089 1.82008 0.781239 1.61182 0.655771 -0.178311
1.55 1.46699 1.82645 0.779469 1.60912 0.618353 -0.175722
1.56 1.48307 1.83245 0.777724 1.60617 0.581729 -0.173125
1.57 1.49912 1.83809 0.776006 1.60295 0.545918 -0.170521
1.58 1.51513 1.84338 0.774314 1.59948 0.510938 -0.16791
1.59 1.53111 1.84831 0.772648 1.59573 0.476807 -0.165292
1.6 1.54704 1.85291 0.771008 1.59171 0.443545 -0.162668
1.61 1.56294 1.85719 0.769395 1.58741 0.411171 -0.160036
1.62 1.57879 1.86114 0.767807 1.58283 0.379704 -0.157398
1.63 1.59459 1.86478 0.766247 1.57796 0.349162 -0.154753
1.64 1.61035 1.86813 0.764712 1.5728 0.319566 -0.152102
1.65 1.62605 1.87118 0.763205 1.56735 0.290935 -0.149445
1.66 1.64169 1.87395 0.761724 1.56159 0.263289 -0.146782
1.67 1.65728 1.87645 0.760269 1.55553 0.236647 -0.144113
1.68 1.6728 1.87869 0.758841 1.54916 0.211029 -0.141438
1.69 1.68826 1.88067 0.75744 1.54247 0.186456 -0.138758
1.7 1.70365 1.88242 0.756066 1.53547 0.162948 -0.136073
1.71 1.71897 1.88393 0.754719 1.52814 0.140525 -0.133383
1.72 1.73421 1.88523 0.753399 1.52048 0.119208 -0.130688
1.73 1.74938 1.88632 0.752105 1.51249 0.099017 -0.127988
1.74 1.76446 1.88722 0.750839 1.50416 0.0799737 -0.125283
1.75 1.77946 1.88793 0.7496 1.49549 0.0620988 -0.122574
1.76 1.79437 1.88846 0.748387 1.48647 0.0454134 -0.119861
1.77 1.80919 1.88884 0.747202 1.4771 0.0299387 -0.117144
1.78 1.82391 1.88907 0.746045 1.46737 0.0156962 -0.114422
1.79 1.83854 1.88916 0.744914 1.45727 0.00270748 -0.111698
1.8 1.85306 1.88912 0.743811 1.44681 -0.00900579 -0.10897
1.81 1.86747 1.88898 0.742735 1.43597 -0.0194217 -0.106238
1.82 1.88177 1.88874 0.741686 1.42476 -0.0285184 -0.103504
1.83 1.89596 1.88841 0.740664 1.41316 -0.0362735 -0.100766
1.84 1.91004 1.88802 0.73967 1.40117 -0.0426649 -0.0980259
1.85 1.92399 1.88757 0.738704 1.3888 -0.0476701 -0.0952833
1.86 1.93781 1.88707 0.737765 1.37602 -0.0512665 -0.0925383
1.87 1.95151 1.88655 0.736853 1.36283 -0.0534314 -0.0897913
1.88 1.96507 1.88601 0.735969 1.34924 -0.054142 -0.0870424
1.89 1.97849 1.88547 0.735112 1.33524 -0.0533752 -0.0842918
1.9 1.99177 1.88494 0.734283 1.32081 -0.0511078 -0.0815397
1.91 2.0049 1.88445 0.733482 1.30596 -0.0473167 -0.0787863
1.92 2.01789 1.884 0.732707 1.29068 -0.0419782 -0.0760319
1.93 2.03072 1.88362 0.731961 1.27496 -0.0350689 -0.0732766
1.94 2.04338 1.88331 0.731242 1.2588 -0.026565 -0.0705207
1.95 2.05589 1.88309 0.730551 1.24219 -0.0164426 -0.0677644
1.96 2.06823 1.88298 0.729887 1.22513 -0.00467776 -0.0650079
1.97 2.08039 1.883 0.72925 1.20761 0.00875377 -0.0622514
1.98 2.09238 1.88316 0.728642 1.18963 0.0238763 -0.0594951
1.99 2.10418 1.88349 0.72806 1.17118 0.0407142 -0.0567393
2 2.1158 1.88398 0.727506 1.15226 0.0592912 -0.0539832
2.01 2.12723 1.88467 0.72698 1.13321 0.0786703 -0.051248
2.02 2.13846 1.88556 0.726481 1.11441 0.0978933 -0.0485522
2.03 2.14952 1.88663 0.726009 1.09586 0.116957 -0.0458961
2.04 2.16038 1.8879 0.725563 1.07756 0.13586 -0.0432805
2.05 2.17107 1.88935 0.725143 1.05952 0.154598 -0.0407057
2.06 2.18157 1.89099 0.724748 1.04174 0.173168 -0.0381724
2.07 2.1919 1.89281 0.724379 1.02421 0.191568 -0.0356811
2.08 2.20206 1.89482 0.724035 1.00695 0.209795 -0.0332323
2.09 2.21204 1.89701 0.723714 0.989967 0.227845 -0.0308265
2.1 2.22186 1.89937 0.723418 0.973252 0.245717 -0.0284644
2.11 2.23151 1.90192 0.723145 0.956814 0.263406 -0.0261465
2.12 2.241 1.90464 0.722895 0.940656 0.28091 -0.0238733
2.13 2.25032 1.90754 0.722667 0.924782 0.298227 -0.0216453
2.14 2.25949 1.91061 0.722462 0.909196 0.315352 -0.0194633
2.15 2.26851 1.91384 0.722278 0.893901 0.332283 -0.0173276
2.16 2.27737 1.91725 0.722115 0.878901 0.349017 -0.0152389
2.17 2.28609 1.92082 0.721973 0.8642 0.365551 -0.0131977
2.18 2.29466 1.92456 0.721851 0.849802 0.381882 -0.0112046
2.19 2.30308 1.92846 0.721749 0.83571 0.398007 -0.00926021
2.2 2.31137 1.93252 0.721666 0.821928 0.413922 -0.00736507
2.21 2.31952 1.93674 0.721601 0.80846 0.429625 -0.00551976
2.22 2.32754 1.94111 0.721555 0.79531 0.445112 -0.00372486
2.23 2.33543 1.94564 0.721527 0.782481 0.46038 -0.00198095
2.24 2.34319 1.95032 0.721515 0.769978 0.475427 -0.000288632
2.25 2.35083 1.95515 0.721521 0.757804 0.490248 0.00135152
2.26 2.35835 1.96012 0.721542 0.745964 0.504841 0.00293891
2.27 2.36575 1.96524 0.721579 0.734461 0.519203 0.00447294
2.28 2.37304 1.97051 0.721631 0.723299 0.53333 0.00595302
2.29 2.38022 1.97591 0.721698 0.712482 0.547219 0.00737854
2.3 2.38729 1.98145 0.721779 0.702014 0.560867 0.00874892
2.31 2.39426 1.98713 0.721873 0.691899 0.57427 0.0100635
2.32 2.40113 1.99294 0.72198 0.682141 0.587426 0.0113218
2.33 2.4079 1.99887 0.722099 0.672745 0.60033 0.012523
2.34 2.41459 2.00494 0.72223 0.663713 0.612981 0.0136667
2.35 2.42118 2.01113 0.722372 0.655051 0.625373 0.0147522
2.36 2.42769 2.01745 0.722525 0.646762 0.637504 0.0157788
2.37 2.43412 2.02388 0.722688 0.63885 0.649371 0.016746
2.38 2.44047 2.03043 0.72286 0.63132 0.66097 0.0176531
2.39 2.44674 2.0371 0.723041 0.624176 0.672298 0.0184995
2.4 2.45295 2.04388 0.72323 0.617421 0.683351 0.0192846
2.41 2.45909 2.05077 0.723426 0.611061 0.694126 0.0200078
2.42 2.46517 2.05776 0.723629 0.605098 0.70462 0.0206683
2.43 2.4712 2.06486 0.723839 0.599538 0.714828 0.0212656
2.44 2.47717 2.07206 0.724055 0.594385 0.724748 0.0217991
2.45 2.48309 2.07935 0.724275 0.589642 0.734376 0.022268
2.46 2.48896 2.08674 0.7245 0.585315 0.743709 0.0226718
2.47 2.49479 2.09423 0.724728 0.581407 0.752743 0.0230097
2.48 2.50059 2.1018 0.72496 0.577923 0.761474 0.0232812
2.49 2.50635 2.10945 0.725194 0.574867 0.769898 0.0234856
2.5 2.51209 2.11719 0.725429 0.572243 0.778014 0.0236222
2.51 2.5178 2.12501 0.725666 0.570056 0.785816 0.0236904
2.52 2.52349 2.13291 0.725903 0.56831 0.793301 0.0236895
2.53 2.52917 2.14088 0.726139 0.567009 0.800465 0.0236189
2.54 2.53483 2.14892 0.726375 0.566158 0.807305 0.0234778
2.55 2.54049 2.15702 0.726609 0.565762 0.813818 0.0232656
2.56 2.54615 2.16519 0.72684 0.565825 0.819999 0.0229817
2.57 2.55181 2.17342 0.727068 0.566351 0.825845 0.0226254
2.58 2.55748 2.18171 0.727292 0.567344 0.831352 0.0221959
2.59 2.56316 2.19005 0.727512 0.56881 0.836516 0.0216926
2.6 2.56886 2.19844 0.727726 0.570753 0.841334 0.0211148
2.61 2.57458 2.20687 0.727934 0.573176 0.845802 0.0204619
2.62 2.58032 2.21535 0.728135 0.576086 0.849916 0.0197331
2.63 2.5861 2.22387 0.728328 0.579486 0.853672 0.0189278
2.64 2.59191 2.23242 0.728513 0.583381 0.857067 0.0180452
2.65 2.59777 2.24101 0.728689 0.587776 0.860096 0.0170847
2.66 2.60367 2.24963 0.728855 0.592675 0.862757 0.0160456
2.67 2.60962 2.25826 0.729009 0.598083 0.865044 0.0149271
2.68 2.61563 2.26692 0.729153 0.604005 0.866955 0.0137286
2.69 2.62171 2.2756 0.729284 0.610445 0.868485 0.0124493
2.7 2.62784 2.28429 0.729402 0.617407 0.86963 0.0110886
2.71 2.63406 2.29299 0.729505 0.624898 0.870387 0.00964569
2.72 2.64034 2.3017 0.729594 0.632921 0.870751 0.0081199
2.73 2.64672 2.31041 0.729667 0.641481 0.870719 0.00651049
2.74 2.65318 2.31911 0.729724 0.650583 0.870287 0.00481676
2.75 2.65973 2.32781 0.729763 0.660232 0.86945 0.00303797
2.76 2.66638 2.3365 0.729785 0.670432 0.868205 0.0011734
2.77 2.67314 2.34517 0.729787 0.681189 0.866548 -0.000777679
2.78 2.68001 2.35383 0.729769 0.692507 0.864474 -0.002816
2.79 2.68699 2.36246 0.72973 0.704391 0.86198 -0.00494229
2.8 2.6941 2.37107 0.72967 0.716846 0.859062 -0.0071573
2.81 2.70133 2.37964 0.729587 0.729877 0.855715 -0.00946176
2.82 2.7087 2.38818 0.72948 0.743489 0.851935 -0.0118564
2.83 2.7162 2.39668 0.729349 0.757686 0.847718 -0.014342
2.84 2.72385 2.40513 0.729193 0.772474 0.843061 -0.0169193
2.85 2.73165 2.41354 0.72901 0.787858 0.837959 -0.019589
2.86 2.73961 2.42189 0.728801 0.803843 0.832407 -0.0223519
2.87 2.74773 2.43019 0.728563 0.820433 0.826403 -0.0252088
2.88 2.75602 2.43842 0.728296 0.837634 0.81994 -0.0281604
2.89 2.76449 2.44658 0.728 0.855451 0.813017 -0.0312074
2.9 2.77313 2.45468 0.727672 0.873888 0.805627 -0.0343507
2.91 2.78197 2.46269 0.727312 0.892952 0.797767 -0.037591
2.92 2.79099 2.47063 0.72692 0.912646 0.789432 -0.040929
2.93 2.80022 2.47848 0.726493 0.932977 0.780619 -0.0443656
2.94 2.80966 2.48624 0.726032 0.953948 0.771323 -0.0479015
2.95 2.8193 2.49391 0.725535 0.975567 0.76154 -0.0515375
2.96 2.82917 2.50147 0.725001 0.997837 0.751265 -0.0552744
2.97 2.83926 2.50893 0.724429 1.02076 0.740494 -0.0591129
2.98 2.84959 2.51628 0.723818 1.04435 0.729223 -0.0630539
2.99 2.86015 2.52351 0.723168 1.06861 0.717448 -0.0670981
3 2.87096 2.53063 0.722476 1.09354 0.705163 -0.0712463
3 2.87096 2.53063 0.722475 1.09354 0.705164 -0.0712453
3.01 2.88202 2.53761 0.721742 1.11869 0.692688 -0.0754208
3.02 2.89334 2.54448 0.720967 1.14363 0.680341 -0.0795459
3.03 2.9049 2.55122 0.720151 1.16835 0.668126 -0.0836201
3.04 2.9167 2.55784 0.719295 1.19285 0.656043 -0.0876431
3.05 2.92875 2.56434 0.718398 1.21713 0.644095 -0.0916143
3.06 2.94104 2.57072 0.717462 1.24117 0.632281 -0.0955334
3.07 2.95357 2.57699 0.716488 1.26499 0.620605 -0.0993999
3.08 2.96634 2.58314 0.715475 1.28858 0.609067 -0.103213
3.09 2.97935 2.58917 0.714424 1.31194 0.59767 -0.106973
3.1 2.99258 2.59509 0.713335 1.33506 0.586413 -0.110679
3.11 3.00605 2.6009 0.71221 1.35794 0.5753 -0.114331
3.12 3.01974 2.6066 0.711049 1.38059 0.564331 -0.117928
3.13 3.03366 2.61219 0.709852 1.40299 0.553508 -0.121469
3.14 3.0478 2.61767 0.70862 1.42515 0.542833 -0.124955
3.15 3.06216 2.62304 0.707353 1.44707 0.532307 -0.128384
3.16 3.07674 2.62831 0.706052 1.46873 0.521931 -0.131757
3.17 3.09153 2.63348 0.704718 1.49015 0.511707 -0.135073
3.18 3.10654 2.63855 0.703351 1.51131 0.501637 -0.138331
3.19 3.12176 2.64352 0.701952 1.53222 0.491722 -0.141532
3.2 3.13718 2.64838 0.700521 1.55288 0.481964 -0.144673
3.21 3.15281 2.65316 0.699058 1.57327 0.472364 -0.147756
3.22 3.16865 2.65783 0.697566 1.5934 0.462924 -0.150779
3.23 3.18468 2.66241 0.696043 1.61327 0.453645 -0.153743
3.24 3.20091 2.66691 0.694491 1.63288 0.444529 -0.156646
3.25 3.21734 2.67131 0.69291 1.65221 0.435578 -0.159488
3.26 3.23396 2.67562 0.691301 1.67128 0.426793 -0.162269
3.27 3.25076 2.67984 0.689665 1.69007 0.418176 -0.164988
3.28 3.26776 2.68398 0.688002 1.70859 0.409727 -0.167645
3.29 3.28493 2.68804 0.686312 1.72683 0.40145 -0.170239
3.3 3.30229 2.69201 0.684597 1.74479 0.393346 -0.17277
3.31 3.31983 2.69591 0.682857 1.76247 0.385415 -0.175237
3.32 3.33754 2.69972 0.681093 1.77987 0.37766 -0.17764
3.33 3.35543 2.70346 0.679305 1.79698 0.370082 -0.179979
3.34 3.37348 2.70712 0.677493 1.8138 0.362684 -0.182252
3.35 3.3917 2.71071 0.67566 1.83033 0.355466 -0.18446
3.36 3.41009 2.71423 0.673804 1.84657 0.34843 -0.186602
3.37 3.42863 2.71768 0.671928 1.86251 0.341578 -0.188677
3.38 3.44733 2.72106 0.670031 1.87816 0.334912 -0.190685
3.39 3.46619 2.72438 0.668115 1.8935 0.328433 -0.192625
3.4 3.4852 2.72763 0.666179 1.90854 0.322143 -0.194498
3.41 3.50436 2.73082 0.664225 1.92328 0.316043 -0.196301
3.42 3.52367 2.73396 0.662253 1.93771 0.310135 -0.198036
3.43 3.54312 2.73703 0.660264 1.95183 0.304421 -0.199702
3.44 3.5627 2.74004 0.658259 1.96563 0.298903 -0.201297
3.45 3.58243 2.74301 0.656239 1.97912 0.293582 -0.202822
3.46 3.60228 2.74592 0.654203 1.9923 0.28846 -0.204275
3.47 3.62227 2.74878 0.652153 2.00516 0.283539 -0.205657
3.48 3.64239 2.75159 0.65009 2.01769 0.278819 -0.206967
3.49 3.66263 2.75435 0.648014 2.0299 0.274304 -0.208205
3.5 3.68298 2.75708 0.645926 2.04178 0.269995 -0.20937
3.51 3.70346 2.75975 0.643827 2.05334 0.265893 -0.21046
3.52 3.72405 2.76239 0.641717 2.06456 0.262 -0.211477
3.53 3.74475 2.765 0.639598 2.07545 0.258318 -0.21242
3.54 3.76556 2.76756 0.637469 2.086 0.254849 -0.213287
3.55 3.78647 2.77009 0.635332 2.09621 0.251594 -0.214079
3.56 3.80748 2.77259 0.633188 2.10608 0.248555 -0.214794
3.57 3.82859 2.77506 0.631037 2.11561 0.245734 -0.215433
3.58 3.84979 2.77751 0.628879 2.12479 0.243133 -0.215995
3.59 3.87108 2.77993 0.626717 2.13362 0.240753 -0.216479
3.6 3.89246 2.78232 0.62455 2.1421 0.238596 -0.216884
3.61 3.91392 2.7847 0.62238 2.15023 0.236665 -0.217211
3.62 3.93547 2.78706 0.620206 2.158 0.23496 -0.217459
3.63 3.95708 2.7894 0.618031 2.16541 0.233483 -0.217627
3.64 3.97877 2.79173 0.615854 2.17246 0.232237 -0.217715
3.65 4.00053 2.79405 0.613677 2.17914 0.231223 -0.217722
3.66 4.02235 2.79635 0.6115 2.18546 0.230443 -0.217648
3.67 4.04424 2.79866 0.609324 2.19141 0.229898 -0.217492
3.68 4.06618 2.80095 0.60715 2.19698 0.229591 -0.217253
3.69 4.08818 2.80325 0.604979 2.20219 0.229523 -0.216931
3.7 4.11022 2.80554 0.602812 2.20701 0.229697 -0.216526
3.71 4.13232 2.80784 0.600649 2.21146 0.230113 -0.216037
3.72 4.15445 2.81015 0.598491 2.21552 0.230775 -0.215463
3.73 4.17663 2.81246 0.59634 2.2192 0.231683 -0.214804
3.74 4.19883 2.81478 0.594196 2.22249 0.232839 -0.21406
3.75 4.22107 2.81712 0.592059 2.22539 0.234246 -0.213229
3.76 4.24334 2.81947 0.589931 2.2279 0.235905 -0.212312
3.77 4.26563 2.82184 0.587813 2.23001 0.237818 -0.211307
3.78 4.28794 2.82422 0.585705 2.23173 0.239987 -0.210214
3.79 4.31026 2.82664 0.583609 2.23304 0.242414 -0.209034
3.8 4.3326 2.82907 0.581525 2.23395 0.2451 -0.207764
3.81 4.35494 2.83154 0.579454 2.23446 0.248048 -0.206404
3.82 4.37729 2.83404 0.577397 2.23455 0.25126 -0.204955
3.83 4.39963 2.83657 0.575355 2.23424 0.254737 -0.203415
3.84 4.42197 2.83913 0.573329 2.23351 0.258481 -0.201784
3.85 4.4443 2.84174 0.57132 2.23236 0.262495 -0.200061
3.86 4.46662 2.84438 0.569328 2.2308 0.266779 -0.198246
3.87 4.48891 2.84707 0.567355 2.22881 0.271337 -0.196338
3.88 4.51119 2.84981 0.565402 2.2264 0.276169 -0.194337
3.89 4.53344 2.8526 0.563469 2.22356 0.281278 -0.192242
3.9 4.55566 2.85544 0.561557 2.22029 0.286666 -0.190052
3.91 4.57785 2.85833 0.559668 2.21658 0.292335 -0.187767
3.92 4.59999 2.86128 0.557802 2.21244 0.298286 -0.185386
3.93 4.62209 2.8643 0.555961 2.20787 0.304522 -0.18291
3.94 4.64415 2.86738 0.554145 2.20285 0.311045 -0.180336
3.95 4.66615 2.87052 0.552354 2.19739 0.317856 -0.177665
3.96 4.68809 2.87373 0.550592 2.19148 0.324958 -0.174896
3.97 4.70998 2.87702 0.548857 2.18512 0.332352 -0.172029
3.98 4.73179 2.88038 0.547151 2.1783 0.34004 -0.169062
3.99 4.75354 2.88382 0.545476 2.17104 0.348025 -0.165996
4 4.77521 2.88734 0.543832 2.16331 0.356308 -0.16283
4 4.77521 2.88734 0.543833 2.16331 0.356307 -0.162831
4.01 4.79681 2.89095 0.54222 2.15533 0.364717 -0.159624
4.02 4.81832 2.89464 0.54064 2.1473 0.37308 -0.156436
4.03 4.83975 2.89841 0.539092 2.13923 0.381395 -0.153267
4.04 4.8611 2.90227 0.537575 2.1311 0.389662 -0.150118
4.05 4.88237 2.9062 0.536089 2.12292 0.39788 -0.146989
4.06 4.90356 2.91022 0.534635 2.11469 0.406047 -0.143879
4.07 4.92467 2.91432 0.533212 2.10642 0.414164 -0.14079
4.08 4.94569 2.91851 0.531819 2.09809 0.42223 -0.137721
4.09 4.96663 2.92277 0.530457 2.08971 0.430243 -0.134671
4.1 4.98748 2.92711 0.529126 2.08129 0.438204 -0.131643
4.11 5.00825 2.93153 0.527824 2.07282 0.446111 -0.128635
4.12 5.02894 2.93603 0.526553 2.06429 0.453964 -0.125648
4.13 5.04954 2.94061 0.525311 2.05572 0.461762 -0.122682
4.14 5.07005 2.94527 0.524099 2.0471 0.469504 -0.119737
4.15 5.09048 2.95 0.522916 2.03843 0.477189 -0.116813
4.16 5.11082 2.95481 0.521763 2.02971 0.484818 -0.113911
4.17 5.13108 2.9597 0.520638 2.02095 0.492388 -0.11103
4.18 5.15124 2.96466 0.519542 2.01213 0.499899 -0.108171
4.19 5.17132 2.9697 0.518475 2.00326 0.507351 -0.105334
4.2 5.19131 2.97481 0.517435 1.99435 0.514743 -0.102519
4.21 5.2112 2.97999 0.516424 1.98539 0.522074 -0.099726
4.22 5.23101 2.98525 0.515441 1.97637 0.529343 -0.0969557
4.23 5.25073 2.99058 0.514485 1.96731 0.536549 -0.0942079
4.24 5.27036 2.99598 0.513556 1.9582 0.543692 -0.0914829
4.25 5.2899 3.00145 0.512655 1.94905 0.550771 -0.0887808
4.26 5.30934 3.00699 0.511781 1.93984 0.557785 -0.0861018
4.27 5.32869 3.01261 0.510933 1.93059 0.564734 -0.0834459
4.28 5.34795 3.01829 0.510112 1.92128 0.571616 -0.0808135
4.29 5.36712 3.02404 0.509317 1.91193 0.578431 -0.0782047
4.3 5.38619 3.02986 0.508548 1.90253 0.585177 -0.0756196
4.31 5.40517 3.03574 0.507804 1.89308 0.591856 -0.0730584
4.32 5.42405 3.04169 0.507086 1.88359 0.598464 -0.0705213
4.33 5.44284 3.04771 0.506394 1.87404 0.605003 -0.0680084
4.34 5.46153 3.05379 0.505726 1.86445 0.61147 -0.0655199
4.35 5.48013 3.05994 0.505083 1.85481 0.617865 -0.063056
4.36 5.49863 3.06615 0.504465 1.84512 0.624188 -0.0606168
4.37 5.51703 3.07242 0.503871 1.83538 0.630437 -0.0582026
4.38 5.53534 3.07876 0.503301 1.8256 0.636612 -0.0558134
4.39 5.55354 3.08516 0.502755 1.81577 0.642712 -0.0534495
4.4 5.57165 3.09161 0.502232 1.80589 0.648736 -0.051111
4.41 5.58966 3.09813 0.501732 1.79596 0.654683 -0.0487982
4.42 5.60757 3.10471 0.501256 1.78598 0.660553 -0.0465111
4.43 5.62538 3.11134 0.500802 1.77596 0.666345 -0.0442499
4.44 5.64309 3.11803 0.500371 1.76589 0.672057 -0.0420149
4.45 5.6607 3.12478 0.499962 1.75577 0.67769 -0.0398061
4.46 5.6782 3.13159 0.499574 1.74561 0.683241 -0.0376238
4.47 5.69561 3.13845 0.499209 1.73539 0.688712 -0.0354682
4.48 5.71291 3.14536 0.498865 1.72513 0.694099 -0.0333393
4.49 5.73011 3.15233 0.498542 1.71482 0.699404 -0.0312375
4.5 5.74721 3.15935 0.49824 1.70447 0.704625 -0.0291628
4.51 5.7642 3.16642 0.497959 1.69407 0.70976 -0.0271155
4.52 5.78109 3.17354 0.497698 1.68362 0.71481 -0.0250957
4.53 5.79787 3.18072 0.497457 1.67312 0.719774 -0.0231035
4.54 5.81455 3.18794 0.497236 1.66258 0.72465 -0.0211393
4.55 5.83113 3.19521 0.497034 1.65199 0.729438 -0.0192031
4.56 5.84759 3.20253 0.496851 1.64135 0.734137 -0.0172951
4.57 5.86395 3.20989 0.496688 1.63067 0.738746 -0.0154155
4.58 5.88021 3.2173 0.496543 1.61994 0.743265 -0.0135645
4.59 5.89635 3.22476 0.496416 1.60916 0.747691 -0.0117423
4.6 5.91239 3.23225 0.496308 1.59834 0.752026 -0.00994902
4.61 5.92832 3.2398 0.496217 1.58747 0.756267 -0.00818486
4.62 5.94414 3.24738 0.496144 1.57655 0.760414 -0.00645
4.63 5.95985 3.255 0.496088 1.56559 0.764466 -0.00474463
4.64 5.97545 3.26267 0.496049 1.55458 0.768422 -0.00306893
4.65 5.99094 3.27037 0.496027 1.54352 0.772281 -0.00142308
4.66 6.00632 3.27811 0.496021 1.53242 0.776043 0.000192742
4.67 6.02159 3.28589 0.496031 1.52127 0.779707 0.00177835
4.68 6.03674 3.29371 0.496056 1.51008 0.783271 0.00333356
4.69 6.05179 3.30156 0.496097 1.49884 0.786735 0.00485818
4.7 6.06672 3.30944 0.496153 1.48755 0.790098 0.00635205
4.71 6.08154 3.31736 0.496224 1.47622 0.793359 0.00781496
4.72 6.09625 3.32531 0.496309 1.46484 0.796517 0.00924674
4.73 6.11084 3.33329 0.496409 1.45342 0.799572 0.0106472
4.74 6.12531 3.3413 0.496522 1.44195 0.802522 0.0120161
4.75 6.13968 3.34934 0.496649 1.43043 0.805367 0.0133534
4.76 6.15392 3.35741 0.496789 1.41887 0.808105 0.0146588
4.77 6.16805 3.3655 0.496942 1.40727 0.810736 0.0159321
4.78 6.18207 3.37362 0.497108 1.39562 0.813259 0.0171731
4.79 6.19596 3.38177 0.497286 1.38392 0.815673 0.0183818
4.8 6.20975 3.38993 0.497475 1.37218 0.817977 0.0195578
4.81 6.22341 3.39813 0.497677 1.36039 0.820171 0.0207009
4.82 6.23695 3.40634 0.497889 1.34856 0.822252 0.0218111
4.83 6.25038 3.41457 0.498113 1.33669 0.824221 0.022888
4.84 6.26369 3.42282 0.498347 1.32477 0.826077 0.0239316
4.85 6.27687 3.43109 0.498591 1.3128 0.827818 0.0249416
4.86 6.28994 3.43938 0.498846 1.30079 0.829444 0.0259178
4.87 6.30289 3.44768 0.499109 1.28873 0.830953 0.0268601
4.88 6.31572 3.456 0.499383 1.27663 0.832346 0.0277682
4.89 6.32842 3.46433 0.499665 1.26449 0.83362 0.028642
4.9 6.34101 3.47267 0.499955 1.2523 0.834775 0.0294812
4.91 6.35347 3.48102 0.500254 1.24007 0.835811 0.0302857
4.92 6.36581 3.48938 0.500561 1.22779 0.836725 0.0310553
4.93 6.37802 3.49776 0.500875 1.21547 0.837518 0.0317897
4.94 6.39012 3.50613 0.501197 1.2031 0.838188 0.0324889
4.95 6.40209 3.51452 0.501525 1.19069 0.838735 0.0331525
4.96 6.41393 3.52291 0.50186 1.17824 0.839157 0.0337805
4.97 6.42565 3.5313 0.5022 1.16574 0.839453 0.0343725
4.98 6.43725 3.5397 0.502547 1.1532 0.839623 0.0349284
4.99 6.44871 3.54809 0.502899 1.14062 0.839666 0.0354481
5 6.46006 3.55649 0.503256 1.12799 0.839581 0.0359313
5 6.46006 3.55649 0.503255 1.12799 0.839582 0.0359323
5.01 6.47128 3.56488 0.503616 1.11543 0.839482 0.0363969
5.02 6.48237 3.57328 0.503983 1.10305 0.839484 0.036861
5.03 6.49334 3.58167 0.504354 1.09086 0.839589 0.0373247
5.04 6.50419 3.59007 0.504729 1.07886 0.839797 0.037788
5.05 6.51492 3.59847 0.505109 1.06704 0.84011 0.0382509
5.06 6.52553 3.60687 0.505494 1.05541 0.840528 0.0387136
5.07 6.53602 3.61528 0.505884 1.04396 0.841053 0.0391759
5.08 6.54641 3.62369 0.506278 1.0327 0.841686 0.0396381
5.09 6.55668 3.63212 0.506676 1.02163 0.842428 0.0401
5.1 6.56684 3.64054 0.50708 1.01075 0.843279 0.0405618
5.11 6.57689 3.64898 0.507488 1.00005 0.844241 0.0410235
5.12 6.58684 3.65743 0.5079 0.989546 0.845315 0.0414852
5.13 6.59669 3.66589 0.508317 0.979229 0.846501 0.0419468
5.14 6.60643 3.67436 0.508739 0.969103 0.847802 0.0424084
5.15 6.61607 3.68284 0.509165 0.959168 0.849217 0.0428701
5.16 6.62561 3.69134 0.509596 0.949423 0.850748 0.0433319
5.17 6.63506 3.69986 0.510032 0.939871 0.852396 0.0437938
5.18 6.64441 3.70839 0.510472 0.93051 0.854162 0.0442559
5.19 6.65367 3.71694 0.510917 0.921343 0.856048 0.0447183
5.2 6.66284 3.72551 0.511367 0.912368 0.858053 0.0451809
5.21 6.67192 3.7341 0.511821 0.903588 0.860179 0.0456438
5.22 6.68091 3.74272 0.51228 0.895001 0.862428 0.046107
5.23 6.68982 3.75135 0.512743 0.88661 0.864799 0.0465707
5.24 6.69864 3.76001 0.513211 0.878413 0.867295 0.0470348
5.25 6.70739 3.7687 0.513684 0.870413 0.869917 0.0474994
5.26 6.71605 3.77741 0.514161 0.862609 0.872664 0.0479645
5.27 6.72464 3.78615 0.514643 0.855002 0.87554 0.0484302
5.28 6.73315 3.79492 0.51513 0.847592 0.878543 0.0488965
5.29 6.74159 3.80373 0.515621 0.84038 0.881677 0.0493634
5.3 6.74996 3.81256 0.516117 0.833366 0.884941 0.049831
5.31 6.75826 3.82142 0.516618 0.826552 0.888337 0.0502994
5.32 6.76649 3.83033 0.517123 0.819937 0.891865 0.0507686
5.33 6.77466 3.83926 0.517633 0.813522 0.895528 0.0512385
5.34 6.78276 3.84824 0.518148 0.807307 0.899326 0.0517094
5.35 6.79081 3.85725 0.518667 0.801294 0.903259 0.0521812
5.36 6.79879 3.8663 0.519191 0.795482 0.90733 0.0526539
5.37 6.80672 3.8754 0.51972 0.789872 0.911539 0.0531277
5.38 6.81459 3.88453 0.520254 0.784465 0.915888 0.0536024
5.39 6.82241 3.89371 0.520792 0.779261 0.920377 0.0540783
5.4 6.83017 3.90294 0.521335 0.774261 0.925008 0.0545553
5.41 6.83789 3.91221 0.521883 0.769465 0.929781 0.0550336
5.42 6.84556 3.92154 0.522436 0.764874 0.934698 0.055513
5.43 6.85319 3.93091 0.522994 0.760488 0.93976 0.0559937
5.44 6.86077 3.94033 0.523556 0.756308 0.944967 0.0564757
5.45 6.86832 3.94981 0.524123 0.752334 0.950322 0.0569591
5.46 6.87582 3.95934 0.524695 0.748567 0.955826 0.0574439
5.47 6.88329 3.96893 0.525272 0.745008 0.961478 0.0579301
5.48 6.89072 3.97857 0.525854 0.741656 0.967281 0.0584179
5.49 6.89812 3.98827 0.52644 0.738513 0.973236 0.0589072
5.5 6.90549 3.99804 0.527032 0.735579 0.979343 0.0593981
5.51 6.91283 4.00786 0.527628 0.732854 0.985604 0.0598906
5.52 6.92015 4.01775 0.52823 0.73034 0.99202 0.0603848
5.53 6.92744 4.0277 0.528836 0.728036 0.998592 0.0608808
5.54 6.93471 4.03772 0.529447 0.725944 1.00532 0.0613785
5.55 6.94196 4.04781 0.530064 0.724063 1.01221 0.061878
5.56 6.94919 4.05796 0.530685 0.722394 1.01926 0.0623795
5.57 6.95641 4.06819 0.531311 0.720938 1.02646 0.0628828
5.58 6.96361 4.07849 0.531943 0.719695 1.03383 0.0633881
5.59 6.97081 4.08887 0.532579 0.718666 1.04137 0.0638954
5.6 6.97799 4.09932 0.53322 0.717852 1.04906 0.0644048
5.61 6.98516 4.10985 0.533867 0.717252 1.05692 0.0649163
5.62 6.99233 4.12046 0.534519 0.716868 1.06495 0.0654299
5.63 6.9995 4.13115 0.535176 0.7167 1.07315 0.0659457
5.64 7.00667 4.14193 0.535838 0.716749 1.08151 0.0664638
5.65 7.01384 4.15278 0.536505 0.717014 1.09005 0.0669842
5.66 7.02101 4.16373 0.537177 0.717498 1.09875 0.0675069
5.67 7.02819 4.17476 0.537855 0.718199 1.10763 0.068032
5.68 7.03537 4.18588 0.538538 0.719119 1.11668 0.0685596
5.69 7.04257 4.19709 0.539226 0.720259 1.12591 0.0690896
5.7 7.04978 4.2084 0.53992 0.721618 1.13531 0.0696222
5.71 7.057 4.2198 0.540619 0.723197 1.14488 0.0701574
5.72 7.06424 4.2313 0.541323 0.724998 1.15464 0.0706952
5.73 7.0715 4.24289 0.542033 0.72702 1.16458 0.0712357
5.74 7.07879 4.25459 0.542748 0.729264 1.17469 0.071779
5.75 7.08609 4.26639 0.543468 0.73173 1.18499 0.072325
5.76 7.09342 4.27829 0.544194 0.73442 1.19547 0.0728738
5.77 7.10078 4.2903 0.544926 0.737333 1.20613 0.0734256
5.78 7.10817 4.30241 0.545663 0.740471 1.21698 0.0739802
5.79 7.11559 4.31464 0.546405 0.743833 1.22802 0.0745379
5.8 7.12305 4.32697 0.547154 0.74742 1.23924 0.0750985
5.81 7.13054 4.33942 0.547907 0.751234 1.25066 0.0756623
5.82 7.13807 4.35199 0.548667 0.755273 1.26226 0.0762292
5.83 7.14565 4.36467 0.549432 0.75954 1.27405 0.0767992
5.84 7.15326 4.37747 0.550203 0.764034 1.28604 0.0773725
5.85 7.16093 4.39039 0.550979 0.768757 1.29822 0.0779491
5.86 7.16864 4.40343 0.551762 0.773708 1.31059 0.078529
5.87 7.1764 4.4166 0.55255 0.778888 1.32316 0.0791123
5.88 7.18422 4.4299 0.553344 0.784298 1.33593 0.0796991
5.89 7.19209 4.44332 0.554144 0.789938 1.3489 0.0802893
5.9 7.20002 4.45688 0.55495 0.795809 1.36207 0.080883
5.91 7.20801 4.47056 0.555762 0.801911 1.37543 0.0814804
5.92 7.21606 4.48439 0.556579 0.808246 1.389 0.0820813
5.93 7.22417 4.49834 0.557403 0.814813 1.40278 0.082686
5.94 7.23235 4.51244 0.558233 0.821613 1.41675 0.0832944
5.95 7.2406 4.52668 0.559069 0.828646 1.43094 0.0839066
5.96 7.24893 4.54106 0.559911 0.835914 1.44533 0.0845226
5.97 7.25732 4.55559 0.56076 0.843417 1.45993 0.0851426
5.98 7.2658 4.57026 0.561614 0.851155 1.47474 0.0857665
5.99 7.27435 4.58508 0.562475 0.859128 1.48976 0.0863944
6 7.28298 4.60006 0.563342 0.867339 1.50499 0.0870263
6 7.28298 4.60006 0.563343 0.86734 1.50499 0.0870253
6.01 7.29169 4.61518 0.564217 0.875568 1.5202 0.0876537
6.02 7.30049 4.63046 0.565096 0.883597 1.53515 0.0882706
6.03 7.30936 4.64589 0.565982 0.891426 1.54985 0.0888761
6.04 7.31832 4.66146 0.566874 0.899054 1.56427 0.0894699
6.05 7.32734 4.67717 0.567771 0.906482 1.57844 0.090052
6.06 7.33645 4.69302 0.568675 0.913709 1.59234 0.0906223
6.07 7.34562 4.70902 0.569584 0.920735 1.60597 0.0911806
6.08 7.35486 4.72514 0.570498 0.927559 1.61933 0.0917268
6.09 7.36417 4.7414 0.571418 0.934183 1.63242 0.0922608
6.1 7.37354 4.75779 0.572343 0.940604 1.64524 0.0927825
6.11 7.38298 4.77431 0.573274 0.946824 1.65778 0.0932918
6.12 7.39248 4.79095 0.574209 0.952842 1.67005 0.0937885
6.13 7.40204 4.80771 0.57515 0.958658 1.68203 0.0942726
6.14 7.41165 4.82459 0.576095 0.964272 1.69373 0.0947438
6.15 7.42132 4.84158 0.577044 0.969683 1.70515 0.0952022
6.16 7.43104 4.85869 0.577999 0.974891 1.71628 0.0956476
6.17 7.44082 4.8759 0.578957 0.979896 1.72713 0.0960798
6.18 7.45064 4.89323 0.57992 0.984698 1.73768 0.0964988
6.19 7.46051 4.91066 0.580887 0.989296 1.74795 0.0969044
6.2 7.47043 4.92819 0.581858 0.993691 1.75792 0.0972965
6.21 7.48038 4.94581 0.582833 0.997882 1.76759 0.097675
6.22 7.49038 4.96354 0.583812 1.00187 1.77697 0.0980397
6.23 7.50042 4.98135 0.584794 1.00565 1.78605 0.0983906
6.24 7.5105 4.99926 0.585779 1.00923 1.79482 0.0987276
6.25 7.5206 5.01725 0.586768 1.01261 1.8033 0.0990504
6.26 7.53075 5.03532 0.58776 1.01577 1.81146 0.0993591
6.27 7.54092 5.05348 0.588755 1.01874 1.81932 0.0996534
6.28 7.55112 5.07171 0.589753 1.0215 1.82687 0.0999332
6.29 7.56135 5.09001 0.590754 1.02405 1.83411 0.100198
6.3 7.5716 5.10839 0.591757 1.0264 1.84104 0.100449
6.31 7.58188 5.12683 0.592763 1.02854 1.84764 0.100685
6.32 7.59217 5.14534 0.593771 1.03048 1.85394 0.100906
6.33 7.60249 5.16391 0.594781 1.03221 1.85991 0.101111
6.34 7.61282 5.18254 0.595793 1.03373 1.86556 0.101302
6.35 7.62316 5.20122 0.596807 1.03505 1.87088 0.101477
6.36 7.63352 5.21995 0.597823 1.03616 1.87588 0.101637
6.37 7.64388 5.23874 0.59884 1.03707 1.88056 0.101781
6.38 7.65426 5.25756 0.599858 1.03776 1.8849 0.10191
6.39 7.66464 5.27643 0.600878 1.03825 1.88891 0.102023
6.4 7.67502 5.29534 0.601899 1.03853 1.89258 0.102119
6.41 7.68541 5.31428 0.60292 1.03861 1.89592 0.1022
6.42 7.69579 5.33326 0.603943 1.03847 1.89892 0.102265
6.43 7.70618 5.35226 0.604965 1.03813 1.90158 0.102313
6.44 7.71655 5.37129 0.605989 1.03758 1.9039 0.102345
6.45 7.72693 5.39034 0.607012 1.03682 1.90588 0.10236
6.46 7.73729 5.40941 0.608036 1.03586 1.9075 0.102359
6.47 7.74764 5.42849 0.609059 1.03468 1.90878 0.102341
6.48 7.75798 5.44758 0.610083 1.0333 1.90971 0.102306
6.49 7.76831 5.46668 0.611105 1.0317 1.91028 0.102254
6.5 7.77862 5.48578 0.612128 1.0299 1.9105 0.102184
6.51 7.7889 5.50489 0.613149 1.02788 1.91036 0.102098
6.52 7.79917 5.52399 0.61417 1.02566 1.90986 0.101994
6.53 7.80942 5.54309 0.615189 1.02323 1.90901 0.101872
6.54 7.81964 5.56217 0.616207 1.02058 1.90778 0.101733
6.55 7.82983 5.58124 0.617224 1.01773 1.90619 0.101576
6.56 7.83999 5.60029 0.618238 1.01467 1.90424 0.1014
6.57 7.85012 5.61932 0.619251 1.01139 1.90191 0.101207
6.58 7.86022 5.63833 0.620263 1.0079 1.89921 0.100996
6.59 7.87028 5.65731 0.621271 1.00421 1.89614 0.100766
6.6 7.8803 5.67625 0.622278 1.0003 1.89269 0.100518
6.61 7.89028 5.69516 0.623282 0.996177 1.88886 0.100251
6.62 7.90022 5.71403 0.624283 0.991845 1.88465 0.0999658
6.63 7.91012 5.73285 0.625281 0.987301 1.88006 0.0996614
6.64 7.91997 5.75163 0.626276 0.982544 1.87509 0.0993381
6.65 7.92977 5.77035 0.627268 0.977576 1.86972 0.0989956
6.66 7.93952 5.78902 0.628256 0.972395 1.86397 0.098634
6.67 7.94922 5.80763 0.62924 0.967001 1.85782 0.0982529
6.68 7.95886 5.82618 0.630221 0.961394 1.85128 0.0978523
6.69 7.96844 5.84465 0.631197 0.955574 1.84435 0.0974321
6.7 7.97797 5.86306 0.632169 0.949541 1.83702 0.0969921
6.71 7.98743 5.88139 0.633137 0.943295 1.82928 0.0965322
6.72 7.99684 5.89964 0.6341 0.936835 1.82115 0.0960523
6.73 8.00617 5.91781 0.635058 0.930161 1.81261 0.0955522
6.74 8.01544 5.9359 0.636011 0.923273 1.80366 0.0950318
6.75 8.02464 5.95389 0.636958 0.916171 1.7943 0.094491
6.76 8.03376 5.97178 0.637901 0.908854 1.78453 0.0939296
6.77 8.04281 5.98958 0.638837 0.901323 1.77435 0.0933475
6.78 8.05179 6.00727 0.639767 0.893577 1.76375 0.0927446
6.79 8.06068 6.02485 0.640692 0.885617 1.75274 0.0921207
6.8 8.0695 6.04232 0.64161 0.877441 1.7413 0.0914757
6.81 8.07823 6.05967 0.642521 0.869049 1.72944 0.0908095
6.82 8.08688 6.07691 0.643426 0.860443 1.71716 0.0901219
6.83 8.09544 6.09402 0.644324 0.85162 1.70445 0.0894128
6.84 8.10391 6.11099 0.645214 0.842582 1.69131 0.088682
6.85 8.11229 6.12784 0.646097 0.833327 1.67773 0.0879295
6.86 8.12058 6.14455 0.646973 0.823857 1.66373 0.087155
6.87 8.12877 6.16111 0.64784 0.81417 1.64929 0.0863586
6.88 8.13686 6.17753 0.6487 0.804266 1.63441 0.0855399
6.89 8.14485 6.1938 0.649551 0.794145 1.61909 0.0846989
6.9 8.15274 6.20991 0.650394 0.783808 1.60332 0.0838354
6.91 8.16053 6.22586 0.651228 0.773253 1.58712 0.0829494
6.92 8.1682 6.24165 0.652053 0.762481 1.57046 0.0820406
6.93 8.17577 6.25727 0.652868 0.751491 1.55335 0.081109
6.94 8.18323 6.27272 0.653675 0.740284 1.5358 0.0801543
6.95 8.19058 6.28799 0.654471 0.728859 1.51779 0.0791765
6.96 8.19781 6.30307 0.655258 0.717215 1.49932 0.0781754
6.97 8.20492 6.31797 0.656035 0.705354 1.48039 0.0771509
6.98 8.21192 6.33268 0.656801 0.693274 1.461 0.0761028
6.99 8.21879 6.34719 0.657557 0.680975 1.44115 0.075031
7 8.22554 6.3615 0.658302 0.668457 1.42083 0.0739354
7 8.22554 6.3615 0.658301 0.668456 1.42083 0.0739364
7.01 8.23216 6.37561 0.659034 0.655956 1.4004 0.0728325
7.02 8.23866 6.38951 0.659757 0.643708 1.38019 0.0717359
7.03 8.24503 6.40321 0.660469 0.631712 1.36022 0.070647
7.04 8.25129 6.41671 0.66117 0.619968 1.34049 0.0695657
7.05 8.25743 6.43002 0.661861 0.608477 1.32099 0.0684924
7.06 8.26346 6.44313 0.66254 0.597237 1.30174 0.0674271
7.07 8.26938 6.45606 0.663209 0.586249 1.28273 0.0663701
7.08 8.27519 6.46879 0.663868 0.575513 1.26396 0.0653214
7.09 8.28089 6.48134 0.664516 0.565027 1.24545 0.0642813
7.1 8.28649 6.4937 0.665153 0.554793 1.22719 0.06325
7.11 8.29199 6.50588 0.665781 0.544809 1.20918 0.0622275
7.12 8.29739 6.51788 0.666398 0.535076 1.19143 0.0612141
7.13 8.30269 6.52971 0.667005 0.525594 1.17394 0.0602099
7.14 8.3079 6.54136 0.667602 0.516362 1.15672 0.0592151
7.15 8.31302 6.55285 0.668189 0.50738 1.13976 0.0582299
7.16 8.31805 6.56416 0.668767 0.498647 1.12307 0.0572544
7.17 8.32299 6.57531 0.669334 0.490165 1.10664 0.0562888
7.18 8.32785 6.58629 0.669892 0.481931 1.0905 0.0553333
7.19 8.33263 6.59712 0.670441 0.473947 1.07462 0.0543881
7.2 8.33733 6.60779 0.67098 0.466212 1.05903 0.0534532
7.21 8.34196 6.6183 0.67151 0.458726 1.04372 0.052529
7.22 8.34651 6.62866 0.672031 0.451489 1.02869 0.0516155
7.23 8.35099 6.63887 0.672542 0.4445 1.01396 0.0507129
7.24 8.3554 6.64894 0.673045 0.437759 0.999506 0.0498214
7.25 8.35974 6.65887 0.673539 0.431266 0.985349 0.0489411
7.26 8.36402 6.66865 0.674024 0.425021 0.971487 0.0480724
7.27 8.36824 6.6783 0.6745 0.419023 0.957922 0.0472152
7.28 8.3724 6.68781 0.674968 0.413273 0.944659 0.0463698
7.29 8.37651 6.69719 0.675428 0.407769 0.931699 0.0455364
7.3 8.38056 6.70644 0.675879 0.402513 0.919045 0.0447151
7.31 8.38456 6.71557 0.676322 0.397504 0.906701 0.0439061
7.32 8.38851 6.72458 0.676757 0.392741 0.894667 0.0431095
7.33 8.39242 6.73347 0.677184 0.388224 0.882949 0.0423257
7.34 8.39628 6.74224 0.677604 0.383953 0.871547 0.0415546
7.35 8.4001 6.7509 0.678016 0.379928 0.860466 0.0407966
7.36 8.40388 6.75945 0.67842 0.376148 0.849707 0.0400517
7.37 8.40762 6.76789 0.678817 0.372614 0.839273 0.0393202
7.38 8.41133 6.77624 0.679206 0.369325 0.829169 0.0386023
7.39 8.41501 6.78448 0.679589 0.366281 0.819395 0.037898
7.4 8.41866 6.79263 0.679964 0.363482 0.809955 0.0372076
7.41 8.42228 6.80068 0.680333 0.360927 0.800852 0.0365313
7.42 8.42588 6.80864 0.680695 0.358616 0.792088 0.0358692
7.43 8.42945 6.81652 0.68105 0.35655 0.783666 0.0352215
7.44 8.43301 6.82432 0.681399 0.354727 0.77559 0.0345884
7.45 8.43655 6.83203 0.681742 0.353147 0.767862 0.0339701
7.46 8.44007 6.83968 0.682079 0.351811 0.760485 0.0333668
7.47 8.44358 6.84725 0.68241 0.350718 0.753461 0.0327786
7.48 8.44709 6.85475 0.682735 0.349868 0.746793 0.0322056
7.49 8.45058 6.86218 0.683054 0.34926 0.740485 0.0316482
7.5 8.45407 6.86956 0.683368 0.348895 0.73454 0.0311064
7.51 8.45756 6.87687 0.683676 0.348771 0.728959 0.0305805
7.52 8.46105 6.88414 0.683979 0.34889 0.723746 0.0300707
7.53 8.46454 6.89135 0.684277 0.34925 0.718904 0.029577
7.54 8.46803 6.89852 0.684571 0.349852 0.714435 0.0290997
7.55 8.47154 6.90564 0.684859 0.350695 0.710343 0.028639
7.56 8.47505 6.91273 0.685144 0.351778 0.70663 0.0281951
7.57 8.47857 6.91977 0.685423 0.353102 0.703299 0.0277681
7.58 8.48211 6.92679 0.685699 0.354667 0.700354 0.0273582
7.59 8.48567 6.93378 0.685971 0.356472 0.697796 0.0269656
7.6 8.48924 6.94075 0.686238 0.358517 0.69563 0.0265905
7.61 8.49284 6.9477 0.686503 0.360801 0.693857 0.0262331
7.62 8.49646 6.95463 0.686763 0.363325 0.692481 0.0258936
7.63 8.50011 6.96155 0.68702 0.366088 0.691505 0.0255721
7.64 8.50378 6.96846 0.687275 0.36909 0.690931 0.0252688
7.65 8.50749 6.97537 0.687526 0.37233 0.690763 0.0249839
7.66 8.51123 6.98228 0.687774 0.375809 0.691003 0.0247176
7.67 8.51501 6.98919 0.68802 0.379526 0.691654 0.0244701
7.68 8.51882 6.99611 0.688264 0.383481 0.69272 0.0242416
7.69 8.52268 7.00305 0.688505 0.387673 0.694203 0.0240323
7.7 8.52657 7.01 0.688745 0.392103 0.696106 0.0238422
7.71 8.53052 7.01697 0.688982 0.39677 0.698433 0.0236717
7.72 8.53451 7.02397 0.689218 0.401674 0.701185 0.023521
7.73 8.53855 7.03099 0.689453 0.406814 0.704367 0.0233901
7.74 8.54265 7.03806 0.689686 0.41219 0.70798 0.0232793
7.75 8.5468 7.04516 0.689918 0.417803 0.712029 0.0231888
7.76 8.551 7.0523 0.69015 0.423651 0.716515 0.0231188
7.77 8.55527 7.05949 0.690381 0.429735 0.721443 0.0230695
7.78 8.5596 7.06673 0.690611 0.436054 0.726814 0.023041
7.79 8.56399 7.07402 0.690842 0.442608 0.732632 0.0230335
7.8 8.56845 7.08138 0.691072 0.449397 0.738901 0.0230473
7.81 8.57298 7.0888 0.691303 0.45642 0.745622 0.0230825
7.82 8.57758 7.0963 0.691534 0.463678 0.752799 0.0231393
7.83 8.58226 7.10386 0.691765 0.471169 0.760436 0.0232179
7.84 8.58701 7.11151 0.691998 0.478894 0.768534 0.0233185
7.85 8.59183 7.11923 0.692232 0.486852 0.777097 0.0234413
7.86 8.59674 7.12705 0.692467 0.495043 0.786129 0.0235864
7.87 8.60174 7.13496 0.692704 0.503467 0.795631 0.0237542
7.88 8.60681 7.14296 0.692942 0.512123 0.805608 0.0239447
7.89 8.61198 7.15107 0.693183 0.521012 0.816062 0.0241581
7.9 8.61724 7.15929 0.693425 0.530132 0.826996 0.0243948
7.91 8.62258 7.16761 0.693671 0.539485 0.838413 0.0246547
7.92 8.62803 7.17606 0.693919 0.549068 0.850317 0.0249382
7.93 8.63357 7.18462 0.694169 0.558883 0.86271 0.0252455
7.94 8.6392 7.19331 0.694424 0.568928 0.875596 0.0255767
7.95 8.64494 7.20213 0.694681 0.579204 0.888977 0.025932
7.96 8.65079 7.21109 0.694942 0.58971 0.902857 0.0263116
7.97 8.65674 7.22019 0.695207 0.600446 0.917239 0.0267157
7.98 8.6628 7.22944 0.695477 0.611412 0.932125 0.0271446
7.99 8.66897 7.23884 0.69575 0.622607 0.947519 0.0275983
8 8.67525 7.24839 0.696029 0.634031 0.963425 0.0280772
8 8.67525 7.24839 0.69603 0.634032 0.963424 0.0280762
8.01 8.68165 7.25811 0.696313 0.645416 0.979609 0.0285741
8.02 8.68816 7.26799 0.696601 0.656493 0.995839 0.0290845
8.03 8.69478 7.27803 0.696895 0.667262 1.01211 0.0296073
8.04 8.7015 7.28823 0.697193 0.677726 1.02841 0.0301421
8.05 8.70833 7.29859 0.697498 0.687886 1.04475 0.0306886
8.06 8.71526 7.30912 0.697807 0.697742 1.06112 0.0312467
8.07 8.72228 7.31982 0.698123 0.707296 1.07751 0.0318161
8.08 8.7294 7.33067 0.698444 0.71655 1.09393 0.0323964
8.09 8.73661 7.34169 0.698771 0.725504 1.11036 0.0329876
8.1 8.74391 7.35288 0.699103 0.734159 1.1268 0.0335891
8.11 8.7513 7.36423 0.699442 0.742517 1.14325 0.034201
8.12 8.75876 7.37575 0.699787 0.750578 1.15971 0.0348227
8.13 8.76631 7.38742 0.700139 0.758345 1.17617 0.0354542
8.14 8.77393 7.39927 0.700497 0.765818 1.19263 0.0360951
8.15 8.78162 7.41128 0.700861 0.772999 1.20908 0.0367451
8.16 8.78939 7.42345 0.701232 0.779888 1.22553 0.0374041
8.17 8.79722 7.43579 0.701609 0.786487 1.24195 0.0380717
8.18 8.80512 7.44829 0.701993 0.792797 1.25836 0.0387477
8.19 8.81307 7.46096 0.702384 0.798819 1.27475 0.0394317
8.2 8.82109 7.47378 0.702782 0.804555 1.29112 0.0401237
8.21 8.82916 7.48678 0.703186 0.810006 1.30745 0.0408231
8.22 8.83729 7.49993 0.703598 0.815172 1.32375 0.0415299
8.23 8.84547 7.51325 0.704017 0.820056 1.34001 0.0422437
8.24 8.85369 7.52673 0.704443 0.824658 1.35623 0.0429643
8.25 8.86196 7.54038 0.704876 0.828979 1.37241 0.0436914
8.26 8.87027 7.55418 0.705317 0.833022 1.38853 0.0444247
8.27 8.87862 7.56815 0.705765 0.836786 1.40461 0.0451639
8.28 8.887 7.58227 0.70622 0.840274 1.42062 0.0459089
8.29 8.89542 7.59656 0.706683 0.843486 1.43657 0.0466592
8.3 8.90387 7.611 0.707153 0.846424 1.45246 0.0474147
8.31 8.91235 7.62561 0.707631 0.849089 1.46828 0.0481751
8.32 8.92085 7.64037 0.708117 0.851483 1.48403 0.04894
8.33 8.92938 7.65529 0.70861 0.853605 1.49969 0.0497093
8.34 8.93792 7.67036 0.709111 0.855459 1.51528 0.0504826
8.35 8.94649 7.68559 0.70962 0.857045 1.53078 0.0512597
8.36 8.95506 7.70098 0.710136 0.858363 1.54619 0.0520403
8.37 8.96365 7.71652 0.710661 0.859417 1.5615 0.0528242
8.38 8.97225 7.73221 0.711193 0.860206 1.57672 0.0536109
8.39 8.98086 7.74805 0.711733 0.860732 1.59184 0.0544003
8.4 8.98947 7.76405 0.712281 0.860997 1.60685 0.0551922
8.41 8.99808 7.78019 0.712837 0.861001 1.62175 0.0559861
8.42 9.00669 7.79648 0.713401 0.860746 1.63654 0.0567819
8.43 9.01529 7.81292 0.713972 0.860233 1.65121 0.0575792
8.44 9.02389 7.8295 0.714552 0.859464 1.66575 0.0583778
8.45 9.03248 7.84623 0.71514 0.858439 1.68017 0.0591774
8.46 9.04106 7.86311 0.715736 0.857161 1.69446 0.0599778
8.47 9.04962 7.88012 0.716339 0.855629 1.70861 0.0607785
8.48 9.05817 7.89728 0.716951 0.853847 1.72263 0.0615794
8.49 9.0667 7.91457 0.717571 0.851814 1.7365 0.0623802
8.5 9.0752 7.93201 0.718199 0.849532 1.75022 0.0631806
8.51 9.08369 7.94958 0.718835 0.847003 1.7638 0.0639803
8.52 9.09214 7.96728 0.719478 0.844228 1.77721 0.064779
8.53 9.10057 7.98512 0.72013 0.841207 1.79047 0.0655765
8.54 9.10897 8.00309 0.72079 0.837943 1.80357 0.0663724
8.55 9.11733 8.02119 0.721458 0.834437 1.81649 0.0671665
8.56 9.12565 8.03942 0.722133 0.83069 1.82924 0.0679585
8.57 9.13394 8.05778 0.722817 0.826703 1.84182 0.0687481
8.58 9.14219 8.07626 0.723508 0.822478 1.85422 0.0695349
8.59 9.15039 8.09486 0.724208 0.818016 1.86643 0.0703189
8.6 9.15855 8.11359 0.724915 0.813318 1.87845 0.0710995
8.61 9.16666 8.13243 0.725629 0.808386 1.89028 0.0718766
8.62 9.17471 8.15139 0.726352 0.80322 1.90191 0.0726499
8.63 9.18272 8.17047 0.727082 0.797823 1.91334 0.0734191
8.64 9.19067 8.18966 0.72782 0.792196 1.92456 0.0741838
8.65 9.19856 8.20896 0.728566 0.78634 1.93557 0.0749438
8.66 9.2064 8.22837 0.729319 0.780256 1.94637 0.0756989
8.67 9.21417 8.24788 0.73008 0.773945 1.95695 0.0764486
8.68 9.22187 8.2675 0.730848 0.76741 1.9673 0.0771928
8.69 9.22951 8.28723 0.731624 0.760651 1.97743 0.0779311
8.7 9.23709 8.30705 0.732407 0.75367 1.98732 0.0786632
8.71 9.24459 8.32697 0.733197 0.746468 1.99698 0.0793889
8.72 9.25202 8.34699 0.733995 0.739046 2.0064 0.0801078
8.73 9.25937 8.3671 0.734799 0.731406 2.01557 0.0808197
8.74 9.26664 8.3873 0.735611 0.72355 2.02449 0.0815242
8.75 9.27384 8.40759 0.73643 0.715477 2.03316 0.0822212
8.76 9.28095 8.42796 0.737255 0.707191 2.04158 0.0829101
8.77 9.28798 8.44842 0.738088 0.698692 2.04973 0.0835909
8.78 9.29492 8.46896 0.738927 0.689982 2.05761 0.0842631
8.79 9.30178 8.48957 0.739773 0.681062 2.06522 0.0849265
8.8 9.30855 8.51026 0.740626 0.671933 2.07256 0.0855808
8.81 9.31522 8.53102 0.741485 0.662597 2.07962 0.0862257
8.82 9.3218 8.55185 0.74235 0.653055 2.08639 0.0868608
8.83 9.32828 8.57275 0.743222 0.643309 2.09287 0.087486
8.84 9.33466 8.59371 0.7441 0.633359 2.09906 0.0881008
8.85 9.34094 8.61473 0.744984 0.623208 2.10496 0.088705
8.86 9.34713 8.63581 0.745874 0.612857 2.11055 0.0892983
8.87 9.3532 8.65694 0.74677 0.602307 2.11583 0.0898804
8.88 9.35917 8.67812 0.747672 0.59156 2.12081 0.0904509
8.89 9.36503 8.69935 0.748579 0.580617 2.12547 0.0910096
8.9 9.37078 8.72063 0.749492 0.569479 2.12981 0.0915562
8.91 9.37642 8.74195 0.75041 0.558148 2.13383 0.0920904
8.92 9.38194 8.76331 0.751333 0.546625 2.13751 0.0926119
8.93 9.38735 8.7847 0.752262 0.534912 2.14087 0.0931203
8.94 9.39264 8.80612 0.753196 0.523009 2.14388 0.0936153
8.95 9.39781 8.82758 0.754134 0.51092 2.14656 0.0940967
8.96 9.40286 8.84905 0.755078 0.498644 2.14889 0.0945642
8.97 9.40778 8.87055 0.756026 0.486184 2.15087 0.0950174
8.98 9.41258 8.89207 0.756978 0.47354 2.15249 0.095456
8.99 9.41725 8.9136 0.757935 0.460715 2.15375 0.0958798
9 9.4218 8.93514 0.758896 0.447709 2.15465 0.0962883
9 9.4218 8.93514 0.758895 0.447708 2.15465 0.0962893
9.01 9.42621 8.95669 0.759859 0.434805 2.15502 0.096665
9.02 9.4305 8.97824 0.760828 0.422285 2.1547 0.0969907
9.03 9.43466 8.99978 0.761799 0.410143 2.1537 0.0972669
9.04 9.4387 9.02131 0.762773 0.398376 2.15203 0.0974942
9.05 9.44263 9.04282 0.763749 0.386982 2.14969 0.097673
9.06 9.44644 9.0643 0.764726 0.375956 2.14669 0.097804
9.07 9.45015 9.08575 0.765705 0.365294 2.14305 0.0978875
9.08 9.45375 9.10716 0.766684 0.354994 2.13875 0.0979243
9.09 9.45725 9.12853 0.767663 0.345052 2.13382 0.0979148
9.1 9.46065 9.14984 0.768642 0.335464 2.12827 0.0978594
9.11 9.46396 9.17109 0.76962 0.326227 2.12208 0.0977589
9.12 9.46718 9.19228 0.770597 0.317338 2.11529 0.0976137
9.13 9.47031 9.21339 0.771572 0.308792 2.10788 0.0974243
9.14 9.47335 9.23443 0.772545 0.300586 2.09987 0.0971912
9.15 9.47632 9.25539 0.773516 0.292717 2.09127 0.0969151
9.16 9.47921 9.27626 0.774483 0.285181 2.08208 0.0965964
9.17 9.48202 9.29703 0.775448 0.277974 2.07231 0.0962357
9.18 9.48477 9.3177 0.776408 0.271093 2.06197 0.0958336
9.19 9.48745 9.33827 0.777364 0.264535 2.05107 0.0953905
9.2 9.49006 9.35872 0.778316 0.258296 2.0396 0.094907
9.21 9.49261 9.37906 0.779262 0.252371 2.02759 0.0943837
9.22 9.49511 9.39927 0.780203 0.246758 2.01503 0.0938211
9.23 9.49755 9.41935 0.781138 0.241453 2.00194 0.0932197
9.24 9.49994 9.43931 0.782067 0.236453 1.98832 0.0925801
9.25 9.50228 9.45912 0.78299 0.231753 1.97417 0.0919029
9.26 9.50457 9.47879 0.783905 0.22735 1.95952 0.0911885
9.27 9.50683 9.49831 0.784814 0.223241 1.94435 0.0904376
9.28 9.50904 9.51767 0.785714 0.219422 1.92869 0.0896507
9.29 9.51122 9.53688 0.786606 0.215889 1.91253 0.0888283
9.3 9.51336 9.55592 0.78749 0.212638 1.8959 0.087971
9.31 9.51547 9.5748 0.788366 0.209666 1.87878 0.0870793
9.32 9.51755 9.5935 0.789232 0.20697 1.86119 0.0861538
9.33 9.51961 9.61202 0.790089 0.204545 1.84315 0.0851951
9.34 9.52165 9.63036 0.790936 0.202387 1.82465 0.0842037
9.35 9.52366 9.64851 0.791773 0.200494 1.8057 0.0831801
9.36 9.52566 9.66647 0.792599 0.198862 1.78631 0.082125
9.37 9.52764 9.68423 0.793415 0.197486 1.76649 0.0810388
9.38 9.52961 9.7018 0.79422 0.196364 1.74624 0.0799222
9.39 9.53157 9.71916 0.795013 0.19549 1.72558 0.0787757
9.4 9.53352 9.73631 0.795795 0.194863 1.70451 0.0775999
9.41 9.53546 9.75325 0.796565 0.194477 1.68303 0.0763952
9.42 9.53741 9.76997 0.797323 0.19433 1.66117 0.0751624
9.43 9.53935 9.78647 0.798068 0.194417 1.63891 0.0739019
9.44 9.5413 9.80274 0.798801 0.194734 1.61628 0.0726143
9.45 9.54325 9.81879 0.799521 0.195279 1.59327 0.0713003
9.46 9.5452 9.83461 0.800227 0.196047 1.5699 0.0699602
9.47 9.54717 9.85019 0.80092 0.197035 1.54617 0.0685948
9.48 9.54914 9.86553 0.801599 0.198238 1.5221 0.0672046
9.49 9.55113 9.88063 0.802264 0.199653 1.49768 0.0657901
9.5 9.55314 9.89548 0.802915 0.201276 1.47293 0.064352
9.51 9.55516 9.91009 0.803551 0.203104 1.44786 0.0628908
9.52 9.5572 9.92444 0.804172 0.205132 1.42247 0.061407
9.53 9.55926 9.93854 0.804779 0.207357 1.39676 0.0599013
9.54 9.56135 9.95237 0.80537 0.209775 1.37076 0.0583743
9.55 9.56346 9.96595 0.805946 0.212382 1.34446 0.0568264
9.56 9.5656 9.97926 0.806507 0.215174 1.31787 0.0552583
9.57 9.56776 9.99231 0.807051 0.218148 1.291 0.0536706
9.58 9.56996 10.0051 0.80758 0.221299 1.26386 0.0520638
9.59 9.57219 10.0176 0.808093 0.224625 1.23646 0.0504385
9.6 9.57445 10.0298 0.808589 0.22812 1.2088 0.0487953
9.61 9.57675 10.0418 0.809068 0.231782 1.18089 0.0471348
9.62 9.57909 10.0534 0.809531 0.235605 1.15275 0.0454576
9.63 9.58147 10.0648 0.809978 0.239587 1.12437 0.0437642
9.64 9.58388 10.0759 0.810407 0.243724 1.09576 0.0420552
9.65 9.58634 10.0867 0.810819 0.248011 1.06694 0.0403313
9.66 9.58884 10.0973 0.811213 0.252445 1.03791 0.038593
9.67 9.59139 10.1075 0.81159 0.257022 1.00868 0.0368408
9.68 9.59398 10.1174 0.81195 0.261738 0.979256 0.0350755
9.69 9.59663 10.1271 0.812292 0.266589 0.949647 0.0332975
9.7 9.59932 10.1364 0.812616 0.271571 0.919861 0.0315075
9.71 9.60206 10.1455 0.812922 0.27668 0.889905 0.029706
9.72 9.60485 10.1542 0.81321 0.281913 0.859788 0.0278937
9.73 9.6077 10.1627 0.81348 0.287265 0.829517 0.0260711
9.74 9.6106 10.1708 0.813731 0.292733 0.799101 0.0242388
9.75 9.61355 10.1786 0.813965 0.298312 0.768548 0.0223975
9.76 9.61656 10.1862 0.814179 0.303998 0.737865 0.0205477
9.77 9.61963 10.1934 0.814375 0.309788 0.707061 0.01869
9.78 9.62276 10.2003 0.814553 0.315678 0.676144 0.0168251
9.79 9.62594 10.2069 0.814712 0.321664 0.645121 0.0149535
9.8 9.62919 10.2132 0.814852 0.327741 0.614001 0.0130757
9.81 9.6325 10.2192 0.814973 0.333906 0.582792 0.0111926
9.82 9.63587 10.2249 0.815076 0.340154 0.551502 0.0093045
9.83 9.6393 10.2302 0.81516 0.346483 0.520139 0.00741217
9.84 9.6428 10.2353 0.815224 0.352887 0.488711 0.00551618
9.85 9.64636 10.24 0.81527 0.359363 0.457227 0.00361712
9.86 9.64999 10.2444 0.815297 0.365906 0.425693 0.0017156
9.87 9.65368 10.2485 0.815304 0.372513 0.39412 -0.000187759
9.88 9.65744 10.2523 0.815293 0.37918 0.362514 -0.00209236
9.89 9.66126 10.2558 0.815262 0.385903 0.330884 -0.00399759
9.9 9.66516 10.2589 0.815213 0.392677 0.299238 -0.00590285
9.91 9.66912 10.2618 0.815144 0.399498 0.267584 -0.00780751
9.92 9.67315 10.2643 0.815057 0.406363 0.235931 -0.00971098
9.93 9.67724 10.2665 0.81495 0.413268 0.204287 -0.0116126
9.94 9.68141 10.2684 0.814824 0.420208 0.172659 -0.0135118
9.95 9.68565 10.2699 0.81468 0.427179 0.141057 -0.015408
9.96 9.68996 10.2712 0.814516 0.434177 0.109489 -0.0173005
9.97 9.69433 10.2721 0.814334 0.441198 0.0779619 -0.0191888
9.98 9.69878 10.2727 0.814133 0.448239 0.0464852 -0.0210721
9.99 9.7033 10.273 0.813912 0.455294 0.0150669 -0.0229499
10 9.70789 10.273 0.813674 0.462361 -0.0162846 -0.0248216
10 9.70788 10.273 0.813675 0.462362 -0.0162856 -0.0248226
10.01 9.71254 10.2727 0.813417 0.469159 -0.0469846 -0.0266473
10.02 9.71727 10.2721 0.813142 0.475418 -0.0764623 -0.0283855
10.03 9.72205 10.2712 0.81285 0.481147 -0.104736 -0.0300384
10.04 9.72689 10.27 0.812541 0.486354 -0.131825 -0.0316074
10.05 9.73177 10.2686 0.812218 0.49105 -0.157745 -0.0330938
10.06 9.73671 10.2669 0.81188 0.495244 -0.182514 -0.0344989
10.07 9.74168 10.2649 0.811528 0.498944 -0.206151 -0.035824
10.08 9.74668 10.2627 0.811164 0.502159 -0.228672 -0.0370706
10.09 9.75172 10.2603 0.810787 0.5049 -0.250096 -0.0382398
10.1 9.75678 10.2577 0.810399 0.507174 -0.270441 -0.0393331
10.11 9.76186 10.2549 0.810001 0.508992 -0.289723 -0.0403517
10.12 9.76696 10.252 0.809592 0.510362 -0.307963 -0.0412971
10.13 9.77207 10.2488 0.809175 0.511294 -0.325176 -0.0421705
10.14 9.77718 10.2455 0.808749 0.511796 -0.341381 -0.0429733
10.15 9.7823 10.242 0.808316 0.511879 -0.356596 -0.0437068
10.16 9.78742 10.2383 0.807875 0.511552 -0.370839 -0.0443723
10.17 9.79253 10.2346 0.807428 0.510823 -0.384128 -0.0449713
10.18 9.79763 10.2306 0.806976 0.509702 -0.396481 -0.045505
10.19 9.80272 10.2266 0.806518 0.508199 -0.407916 -0.0459749
10.2 9.8078 10.2225 0.806057 0.506322 -0.418451 -0.0463822
10.21 9.81285 10.2183 0.805591 0.504082 -0.428105 -0.0467284
10.22 9.81788 10.2139 0.805122 0.501487 -0.436894 -0.0470147
10.23 9.82288 10.2095 0.804651 0.498546 -0.444839 -0.0472425
10.24 9.82785 10.205 0.804178 0.49527 -0.451956 -0.0474133
10.25 9.83278 10.2005 0.803703 0.491668 -0.458264 -0.0475283
10.26 9.83768 10.1959 0.803227 0.487748 -0.463782 -0.0475889
10.27 9.84254 10.1912 0.802751 0.483521 -0.468527 -0.0475965
10.28 9.84735 10.1865 0.802275 0.478996 -0.472518 -0.0475525
10.29 9.85212 10.1818 0.8018 0.474182 -0.475773 -0.0474582
10.3 9.85683 10.177 0.801326 0.469089 -0.478311 -0.047315
10.31 9.8615 10.1722 0.800854 0.463727 -0.480149 -0.0471243
10.32 9.86611 10.1674 0.800384 0.458104 -0.481308 -0.0468875
10.33 9.87066 10.1626 0.799917 0.452231 -0.481804 -0.0466058
10.34 9.87515 10.1578 0.799452 0.446116 -0.481656 -0.0462809
10.35 9.87958 10.1529 0.798991 0.439771 -0.480884 -0.0459139
10.36 9.88394 10.1481 0.798534 0.433203 -0.479505 -0.0455063
10.37 9.88824 10.1434 0.798081 0.426422 -0.477538 -0.0450595
10.38 9.89247 10.1386 0.797633 0.419439 -0.475001 -0.0445748
10.39 9.89663 10.1339 0.79719 0.412263 -0.471914 -0.0440537
10.4 9.90072 10.1292 0.796752 0.404903 -0.468295 -0.0434976
10.41 9.90473 10.1245 0.79632 0.397369 -0.464162 -0.0429078
10.42 9.90866 10.1199 0.795894 0.389671 -0.459535 -0.0422858
10.43 9.91252 10.1153 0.795474 0.381819 -0.454432 -0.0416329
10.44 9.9163 10.1108 0.795061 0.373821 -0.448872 -0.0409506
10.45 9.92 10.1063 0.794655 0.365688 -0.442873 -0.0402402
10.46 9.92361 10.1019 0.794257 0.35743 -0.436455 -0.0395032
10.47 9.92714 10.0976 0.793865 0.349056 -0.429636 -0.038741
10.48 9.93059 10.0933 0.793482 0.340576 -0.422435 -0.037955
10.49 9.93396 10.0892 0.793106 0.331999 -0.414872 -0.0371465
10.5 9.93723 10.085 0.792739 0.323336 -0.406964 -0.0363171
10.51 9.94042 10.081 0.79238 0.314597 -0.398732 -0.0354682
10.52 9.94352 10.0771 0.79203 0.30579 -0.390193 -0.034601
10.53 9.94654 10.0732 0.791688 0.296926 -0.381368 -0.0337172
10.54 9.94946 10.0694 0.791355 0.288015 -0.372275 -0.0328181
10.55 9.9523 10.0658 0.791032 0.279067 -0.362933 -0.0319051
10.56 9.95504 10.0622 0.790717 0.27009 -0.353361 -0.0309796
10.57 9.9577 10.0587 0.790412 0.261097 -0.343579 -0.0300432
10.58 9.96027 10.0553 0.790117 0.252095 -0.333605 -0.0290971
10.59 9.96274 10.052 0.78983 0.243095 -0.32346 -0.0281429
10.6 9.96513 10.0488 0.789554 0.234107 -0.313161 -0.027182
10.61 9.96742 10.0458 0.789287 0.225141 -0.302729 -0.0262159
10.62 9.96963 10.0428 0.789029 0.216207 -0.292182 -0.0252459
10.63 9.97175 10.0399 0.788782 0.207315 -0.28154 -0.0242735
10.64 9.97378 10.0372 0.788544 0.198475 -0.270822 -0.0233002
10.65 9.97572 10.0345 0.788316 0.189696 -0.260048 -0.0223274
10.66 9.97757 10.032 0.788097 0.180989 -0.249237 -0.0213565
10.67 9.97934 10.0295 0.787889 0.172363 -0.238408 -0.0203891
10.68 9.98102 10.0272 0.78769 0.16383 -0.227582 -0.0194265
10.69 9.98262 10.025 0.7875 0.155398 -0.216776 -0.0184702
10.7 9.98413 10.0229 0.78732 0.147079 -0.206012 -0.0175217
10.71 9.98556 10.0209 0.78715 0.138881 -0.195308 -0.0165825
10.72 9.98691 10.019 0.786989 0.130815 -0.184683 -0.0156539
10.73 9.98817 10.0172 0.786837 0.122891 -0.174159 -0.0147375
10.74 9.98936 10.0155 0.786694 0.11512 -0.163753 -0.0138348
10.75 9.99048 10.0139 0.78656 0.107511 -0.153487 -0.0129471
10.76 9.99151 10.0124 0.786435 0.100075 -0.143379 -0.012076
10.77 9.99248 10.011 0.786318 0.0928213 -0.133449 -0.0112229
10.78 9.99337 10.0097 0.78621 0.0857605 -0.123717 -0.0103894
10.79 9.99419 10.0085 0.78611 0.0789029 -0.114203 -0.00957686
10.8 9.99495 10.0074 0.786019 0.0722585 -0.104926 -0.00878679
10.81 9.99564 10.0064 0.785935 0.0658375 -0.0959068 -0.00802067
10.82 9.99627 10.0055 0.785858 0.0596504 -0.0871647 -0.00727998
10.83 9.99683 10.0047 0.785789 0.0537072 -0.0787196 -0.00656622
10.84 9.99734 10.004 0.785727 0.0480182 -0.0705914 -0.00588087
10.85 9.9978 10.0033 0.785671 0.0425937 -0.0628002 -0.00522542
10.86 9.9982 10.0027 0.785622 0.0374441 -0.0553658 -0.00460136
10.87 9.99855 10.0022 0.785579 0.0325796 -0.0483083 -0.00401019
10.88 9.99885 10.0017 0.785542 0.0280105 -0.0416476 -0.00345339
10.89 9.99911 10.0013 0.78551 0.0237471 -0.0354039 -0.00293248
10.9 9.99932 10.001 0.785483 0.0197999 -0.0295971 -0.00244894
10.91 9.9995 10.0007 0.785461 0.0161791 -0.0242475 -0.00200429
10.92 9.99965 10.0005 0.785443 0.0128952 -0.0193751 -0.00160002
10.93 9.99976 10.0004 0.785429 0.0099586 -0.015 -0.00123764
10.94 9.99985 10.0002 0.785418 0.00737961 -0.0111425 -0.000918668
10.95 9.99991 10.0001 0.78541 0.00516869 -0.00782287 -0.000644606
10.96 9.99995 10.0001 0.785405 0.00333628 -0.00506124 -0.000416968
10.97 9.99998 10 0.785402 0.00189284 -0.00287792 -0.000237271
10.98 9.99999 10 0.7854 0.000848823 -0.00129322 -0.00010703
10.99 10 10 0.785399 0.000214712 -0.000327455 -2.77664e-05
11 10 10 0.785399 1e-06 -1e-06 -1e-06
